400 70
0 1311.00 2006.00
1 656.00 2198.00 321 34
2 829.00 3000.00 321 56
3 2376.00 2943.00 321 26
4 2492.00 1634.00 321 4
5 136.00 3468.00 321 98
6 280.00 1240.00 321 83
7 2144.00 1677.00 321 96
8 394.00 3260.00 321 84
9 1488.00 2776.00 321 14
10 560.00 3437.00 321 27
11 1852.00 2431.00 321 48
12 2029.00 2123.00 321 35
13 163.00 2837.00 321 50
14 710.00 1301.00 321 97
15 2761.00 1213.00 321 15
16 2296.00 3205.00 321 39
17 436.00 1238.00 321 60
18 475.00 1431.00 321 4
19 1156.00 3801.00 321 98
20 1564.00 331.00 321 25
21 1335.00 573.00 321 47
22 438.00 1665.00 321 84
23 2699.00 3852.00 321 57
24 904.00 264.00 321 86
25 1142.00 729.00 321 65
26 2701.00 3940.00 321 94
27 767.00 323.00 321 78
28 2542.00 536.00 321 6
29 463.00 3200.00 321 58
30 2265.00 203.00 321 24
31 78.00 1990.00 321 7
32 1825.00 731.00 321 96
33 676.00 1821.00 321 33
34 830.00 1765.00 321 98
35 2266.00 534.00 321 20
36 1855.00 615.00 321 11
37 -47.00 512.00 321 32
38 941.00 3088.00 321 54
39 520.00 2899.00 321 37
40 881.00 1296.00 321 20
41 1855.00 2394.00 321 61
42 1866.00 1099.00 321 27
43 2069.00 1069.00 321 53
44 2800.00 1292.00 321 17
45 753.00 1216.00 321 48
46 88.00 2604.00 321 32
47 526.00 204.00 321 46
48 1451.00 612.00 321 22
49 449.00 1050.00 321 66
50 2802.00 620.00 321 1
51 2800.00 1548.00 321 89
52 2018.00 1930.00 321 51
53 1272.00 2737.00 321 99
54 1660.00 1089.00 321 68
55 1661.00 3889.00 321 82
56 635.00 2822.00 321 28
57 595.00 2943.00 321 72
58 657.00 2356.00 321 7
59 1795.00 3088.00 321 63
60 1678.00 3280.00 321 67
61 280.00 2679.00 321 8
62 947.00 3725.00 321 57
63 90.00 1483.00 321 61
64 2761.00 808.00 321 64
65 311.00 883.00 321 7
66 2149.00 323.00 321 2
67 2617.00 1525.00 321 79
68 1487.00 3800.00 321 24
69 1061.00 1871.00 321 72
70 674.00 1868.00 321 33
71 1988.00 2934.00 321 67
72 13.00 1482.00 321 77
73 850.00 3242.00 321 33
74 1275.00 3199.00 321 22
75 107.00 3256.00 321 35
76 1564.00 1871.00 321 26
77 1356.00 1172.00 321 84
78 674.00 3086.00 321 52
79 808.00 3444.00 321 26
80 1239.00 1250.00 321 40
81 1854.00 1523.00 321 98
82 1487.00 2351.00 321 46
83 1535.00 2668.00 321 87
84 2263.00 1182.00 321 79
85 1837.00 438.00 321 21
86 157.00 3861.00 321 69
87 484.00 2516.00 321 70
88 1979.00 325.00 321 75
89 349.00 3477.00 321 66
90 1158.00 2118.00 321 17
91 2205.00 1789.00 321 32
92 1135.00 247.00 321 29
93 2617.00 1195.00 321 99
94 2067.00 1107.00 321 14
95 751.00 1867.00 321 53
96 1357.00 1068.00 321 9
97 1529.00 1291.00 321 33
98 1487.00 3643.00 321 6
99 1910.00 3686.00 321 75
100 1273.00 3764.00 321 40
101 1586.00 3341.00 321 33
102 2550.00 1561.00 321 80
103 657.00 2390.00 321 88
104 1698.00 2894.00 321 61
105 2378.00 2022.00 321 51
106 10.00 1637.00 321 31
107 2009.00 2622.00 321 81
108 2659.00 171.00 321 18
109 118.00 688.00 321 47
110 463.00 3085.00 321 88
111 1275.00 3085.00 321 55
112 462.00 3316.00 321 38
113 2494.00 3095.00 321 45
114 2666.00 2508.00 321 20
115 1063.00 3607.00 321 94
116 281.00 1704.00 321 53
117 1970.00 2355.00 321 39
118 2310.00 1927.00 321 53
119 2761.00 3332.00 321 51
120 1652.00 614.00 321 87
121 1643.00 285.00 321 71
122 346.00 3762.00 321 64
123 2665.00 1836.00 321 31
124 1729.00 2913.00 321 46
125 2254.00 2026.00 321 23
126 2173.00 1462.00 321 98
127 281.00 1584.00 321 96
128 1777.00 2471.00 321 4
129 106.00 972.00 321 15
130 2762.00 1737.00 321 4
131 1699.00 2856.00 321 96
132 523.00 2862.00 321 86
133 556.00 3164.00 321 29
134 150.00 244.00 321 65
135 155.00 3123.00 321 19
136 887.00 2468.00 321 63
137 234.00 650.00 321 79
138 1157.00 2042.00 321 86
139 113.00 3610.00 321 24
140 848.00 3647.00 321 79
141 462.00 3801.00 321 17
142 11.00 2292.00 321 33
143 880.00 1215.00 321 53
144 2801.00 1370.00 321 57
145 2792.00 75.00 321 35
146 436.00 2437.00 321 1
147 2493.00 1791.00 321 60
148 113.00 3624.00 321 60
149 561.00 3879.00 321 57
150 2194.00 1921.00 321 55
151 2261.00 1026.00 321 87
152 437.00 1744.00 321 8
153 1159.00 2315.00 321 61
154 848.00 2775.00 321 6
155 1157.00 3282.00 321 60
156 2550.00 2141.00 321 51
157 103.00 3159.00 321 79
158 89.00 1629.00 321 83
159 305.00 325.00 321 18
160 49.00 2334.00 321 73
161 675.00 3684.00 321 66
162 998.00 1104.00 321 54
163 2566.00 3386.00 321 96
164 598.00 2592.00 321 76
165 394.00 2137.00 321 74
166 1408.00 1523.00 321 17
167 90.00 2298.00 321 63
168 50.00 2757.00 321 11
169 522.00 2631.00 321 2
170 127.00 2874.00 321 92
171 1152.00 1270.00 321 72
172 636.00 2944.00 321 29
173 1645.00 129.00 321 66
174 2261.00 1922.00 321 31
175 165.00 2081.00 321 3
176 2541.00 246.00 321 30
177 467.00 475.00 321 84
178 842.00 2583.00 321 80
179 1750.00 1059.00 321 40
180 2494.00 2391.00 321 67
181 1489.00 2813.00 321 4
182 926.00 2317.00 321 28
183 87.00 2489.00 321 41
184 1740.00 692.00 321 28
185 1458.00 2546.00 321 82
186 1048.00 1056.00 321 46
187 639.00 1298.00 321 66
188 476.00 1121.00 321 11
189 734.00 2851.00 321 4
190 2541.00 1121.00 321 70
191 1452.00 1056.00 321 51
192 1371.00 2740.00 321 24
193 2801.00 499.00 321 68
194 2281.00 1164.00 321 75
195 1362.00 2602.00 321 47
196 2791.00 231.00 321 26
197 733.00 3607.00 321 49
198 611.00 1716.00 321 8
199 1670.00 2200.00 321 20
200 1986.00 2707.00 321 87
201 1083.00 1384.00 321 52
202 1319.00 48.00 321 77
203 125.00 2258.00 321 79
204 51.00 2216.00 321 87
205 2107.00 2661.00 321 57
206 1696.00 3765.00 321 11
207 1074.00 727.00 321 41
208 2762.00 459.00 321 61
209 1368.00 3612.00 321 66
210 2667.00 1873.00 321 58
211 2378.00 3175.00 321 8
212 2241.00 2062.00 321 61
213 1697.00 3568.00 321 88
214 2656.00 1042.00 321 2
215 1061.00 3241.00 321 34
216 374.00 3609.00 321 78
217 322.00 1162.00 321 56
218 2531.00 2827.00 321 65
219 2623.00 3945.00 321 10
220 2604.00 2905.00 321 43
221 2666.00 2328.00 321 37
222 2494.00 245.00 321 82
223 2000.00 1387.00 321 80
224 599.00 2004.00 321 79
225 2543.00 579.00 321 23
226 1176.00 1870.00 321 53
227 2104.00 3684.00 321 67
228 462.00 3721.00 321 58
229 2540.00 1079.00 321 36
230 1356.00 1130.00 321 74
231 156.00 3355.00 321 93
232 33.00 368.00 321 39
233 773.00 2180.00 321 78
234 1855.00 2356.00 321 83
235 435.00 1357.00 321 40
236 1410.00 1627.00 321 48
237 1258.00 610.00 321 96
238 1884.00 2451.00 321 77
239 850.00 2854.00 321 26
240 235.00 1838.00 321 84
241 2026.00 2992.00 321 59
242 2660.00 500.00 321 83
243 128.00 2760.00 321 24
244 634.00 1596.00 321 21
245 47.00 1712.00 321 34
246 1846.00 168.00 321 10
247 1439.00 3890.00 321 28
248 283.00 1473.00 321 3
249 637.00 1222.00 321 60
250 2493.00 3326.00 321 67
251 2191.00 66.00 321 56
252 2830.00 384.00 321 45
253 2454.00 2041.00 321 15
254 2027.00 2354.00 321 14
255 1366.00 265.00 321 58
256 2406.00 207.00 321 65
257 319.00 2833.00 321 74
258 2303.00 767.00 321 64
259 1911.00 2528.00 321 15
260 655.00 2469.00 321 23
261 1370.00 3723.00 321 65
262 754.00 1258.00 321 17
263 1238.00 1210.00 321 89
264 1923.00 2382.00 321 8
265 321.00 1353.00 321 38
266 521.00 1784.00 321 3
267 1911.00 3880.00 321 69
268 322.00 48.00 321 97
269 811.00 1481.00 321 19
270 1570.00 1092.00 321 68
271 1788.00 2045.00 321 8
272 600.00 2629.00 321 50
273 1027.00 998.00 321 59
274 236.00 885.00 321 84
275 50.00 2176.00 321 17
276 734.00 3320.00 321 9
277 2724.00 1029.00 321 12
278 2760.00 3409.00 321 46
279 1450.00 1366.00 321 29
280 302.00 127.00 321 89
281 2095.00 2229.00 321 5
282 674.00 3436.00 321 28
283 1865.00 1137.00 321 13
284 2376.00 3057.00 321 1
285 13.00 1173.00 321 97
286 1970.00 2239.00 321 32
287 1493.00 3124.00 321 13
288 1271.00 3357.00 321 47
289 1059.00 3529.00 321 24
290 2028.00 1318.00 321 10
291 1988.00 3203.00 321 38
292 2666.00 2178.00 321 96
293 457.00 320.00 321 13
294 2317.00 468.00 321 89
295 1061.00 3320.00 321 94
296 88.00 2835.00 321 47
297 428.00 768.00 321 8
298 2321.00 1832.00 321 44
299 164.00 2274.00 321 81
300 1949.00 3888.00 321 92
301 2045.00 3389.00 321 74
302 10.00 2640.00 321 47
303 642.00 128.00 321 5
304 1072.00 2198.00 321 41
305 438.00 1160.00 321 57
306 321.00 2680.00 321 69
307 638.00 1105.00 321 98
308 1171.00 1368.00 321 70
309 415.00 479.00 321 65
310 119.00 573.00 321 64
311 581.00 79.00 321 68
312 1911.00 3570.00 321 88
313 280.00 2392.00 321 95
314 126.00 1250.00 321 63
315 2376.00 2501.00 321 61
316 2543.00 734.00 321 86
317 998.00 1066.00 321 91
318 640.00 1375.00 321 69
319 396.00 3418.00 321 1
320 598.00 1607.00 321 32
321 674.00 3764.00 321 63
322 1540.00 767.00 321 13
323 1701.00 3223.00 321 37
324 2744.00 18.00 321 17
325 2290.00 2230.00 321 30
326 2027.00 2393.00 321 32
327 1911.00 3416.00 321 80
328 203.00 2602.00 321 28
329 2146.00 1219.00 321 79
330 164.00 2159.00 321 62
331 319.00 1899.00 321 4
332 1584.00 3258.00 321 21
333 2376.00 1637.00 321 83
334 16.00 1095.00 321 55
335 125.00 2158.00 321 58
336 2380.00 1433.00 321 35
337 154.00 3707.00 321 46
338 2548.00 2627.00 321 37
339 204.00 2799.00 321 39
340 933.00 321.00 321 45
341 1758.00 2317.00 321 7
342 484.00 2098.00 321 38
343 1717.00 1484.00 321 90
344 1954.00 1028.00 321 40
345 1283.00 86.00 321 75
346 1856.00 770.00 321 61
347 1586.00 2894.00 321 65
348 2801.00 946.00 321 57
349 890.00 848.00 321 17
350 2659.00 325.00 321 83
351 2262.00 571.00 321 37
352 1090.00 425.00 321 88
353 2801.00 1254.00 321 77
354 1012.00 2100.00 321 27
355 2105.00 2775.00 321 51
356 600.00 2239.00 321 26
357 321.00 1859.00 321 9
358 822.00 1356.00 321 66
359 880.00 1178.00 321 72
360 2467.00 208.00 321 39
361 1276.00 3318.00 321 66
362 52.00 493.00 321 56
363 11.00 2256.00 321 87
364 750.00 2159.00 321 43
365 1313.00 2156.00 321 66
366 1604.00 2391.00 321 6
367 2107.00 2740.00 321 39
368 926.00 2391.00 321 37
369 2864.00 3474.00 321 17
370 1259.00 765.00 321 43
371 15.00 1678.00 321 57
372 2604.00 3410.00 321 24
373 2400.00 333.00 321 13
374 750.00 3708.00 321 4
375 2642.00 3195.00 321 56
376 1988.00 2893.00 321 42
377 732.00 3804.00 321 31
378 1274.00 3278.00 321 94
379 268.00 3665.00 321 11
380 1797.00 2857.00 321 48
381 1060.00 3880.00 321 43
382 1370.00 3528.00 321 62
383 560.00 1685.00 321 100
384 1236.00 1135.00 321 68
385 1705.00 3918.00 321 71
386 1395.00 1192.00 321 94
387 2425.00 1394.00 321 89
388 165.00 2487.00 321 71
389 882.00 166.00 321 38
390 1062.00 3357.00 321 6
391 2029.00 1561.00 321 63
392 2187.00 426.00 321 16
393 1848.00 249.00 321 20
394 1695.00 3877.00 321 70
395 889.00 2159.00 321 46
396 -23.00 1994.00 321 44
397 697.00 2630.00 321 31
398 347.00 3876.00 321 83
399 2541.00 362.00 321 13
400 2761.00 1698.00 321 17