300 50
0 1306.00 2011.00
1 304.00 362.00 321 95
2 2492.00 1753.00 321 16
3 1291.00 2527.00 321 48
4 2106.00 2819.00 321 51
5 1370.00 3528.00 321 62
6 1488.00 2429.00 321 28
7 187.00 1260.00 321 38
8 754.00 1258.00 321 17
9 1159.00 3611.00 321 57
10 475.00 1587.00 321 72
11 484.00 2748.00 321 8
12 1488.00 2735.00 321 61
13 348.00 3238.00 321 12
14 2027.00 2393.00 321 32
15 599.00 1908.00 321 94
16 2377.00 449.00 321 97
17 655.00 2469.00 321 23
18 1199.00 2079.00 321 56
19 368.00 2275.00 321 74
20 1351.00 2410.00 321 26
21 2148.00 728.00 321 30
22 124.00 2834.00 321 63
23 2298.00 3084.00 321 22
24 1631.00 3607.00 321 60
25 1292.00 324.00 321 46
26 1911.00 2858.00 321 20
27 2406.00 2428.00 321 11
28 2015.00 3881.00 321 50
29 2321.00 1717.00 321 27
30 1454.00 1210.00 321 33
31 2352.00 691.00 321 49
32 1343.00 2547.00 321 21
33 2146.00 1520.00 321 45
34 1452.00 805.00 321 4
35 2570.00 1004.00 321 42
36 2541.00 771.00 321 30
37 1259.00 727.00 321 49
38 1136.00 322.00 321 72
39 2830.00 77.00 321 76
40 1509.00 1206.00 321 76
41 2628.00 1435.00 321 64
42 424.00 3687.00 321 19
43 478.00 1665.00 321 71
44 1333.00 885.00 321 58
45 2378.00 1597.00 321 77
46 318.00 2352.00 321 74
47 1488.00 2776.00 321 14
48 88.00 2604.00 321 32
49 1870.00 3782.00 321 82
50 168.00 1391.00 321 3
51 202.00 2079.00 321 81
52 320.00 2757.00 321 62
53 2059.00 732.00 321 31
54 2448.00 2624.00 321 4
55 49.00 2681.00 321 46
56 165.00 2759.00 321 16
57 2378.00 2624.00 321 80
58 1172.00 1135.00 321 39
59 559.00 3604.00 321 11
60 2543.00 131.00 321 19
61 1369.00 2894.00 321 71
62 2761.00 1659.00 321 52
63 599.00 1009.00 321 62
64 2550.00 1677.00 321 55
65 1356.00 1406.00 321 65
66 75.00 3546.00 321 70
67 928.00 2006.00 321 28
68 2830.00 194.00 321 90
69 946.00 3647.00 321 86
70 211.00 3514.00 321 11
71 1453.00 731.00 321 95
72 1950.00 1223.00 321 50
73 1583.00 3801.00 321 46
74 2529.00 2979.00 321 72
75 2760.00 2338.00 321 86
76 369.00 2392.00 321 83
77 204.00 2836.00 321 50
78 50.00 2137.00 321 100
79 2667.00 2064.00 321 27
80 599.00 2196.00 321 37
81 991.00 165.00 321 55
82 600.00 2629.00 321 50
83 1174.00 996.00 321 96
84 126.00 2448.00 321 17
85 2351.00 534.00 321 46
86 635.00 2822.00 321 28
87 2377.00 3251.00 321 34
88 300.00 163.00 321 78
89 2095.00 2229.00 321 5
90 559.00 3279.00 321 54
91 823.00 1222.00 321 36
92 341.00 282.00 321 14
93 163.00 2683.00 321 12
94 1061.00 3682.00 321 94
95 1442.00 282.00 321 28
96 233.00 764.00 321 62
97 1370.00 1524.00 321 45
98 51.00 1366.00 321 42
99 1159.00 2700.00 321 58
100 484.00 2098.00 321 38
101 280.00 2078.00 321 34
102 1399.00 3764.00 321 60
103 1372.00 3087.00 321 41
104 2551.00 1717.00 321 67
105 1971.00 2317.00 321 86
106 1540.00 610.00 321 7
107 947.00 3570.00 321 52
108 2762.00 1138.00 321 48
109 1854.00 1523.00 321 98
110 370.00 2351.00 321 100
111 1275.00 3085.00 321 55
112 2513.00 572.00 321 37
113 318.00 1625.00 321 11
114 114.00 3600.00 321 76
115 2009.00 2622.00 321 81
116 2186.00 1142.00 321 35
117 1548.00 366.00 321 4
118 165.00 2081.00 321 3
119 2598.00 1314.00 321 100
120 152.00 3744.00 321 23
121 1584.00 3686.00 321 71
122 2321.00 1832.00 321 44
123 950.00 919.00 321 16
124 2349.00 1192.00 321 86
125 943.00 3242.00 321 47
126 2378.00 2663.00 321 79
127 1157.00 2042.00 321 86
128 135.00 3510.00 321 71
129 1198.00 2357.00 321 56
130 414.00 2020.00 321 35
131 602.00 953.00 321 35
132 444.00 3036.00 321 48
133 1583.00 3604.00 321 76
134 2804.00 1450.00 321 83
135 1197.00 2317.00 321 85
136 16.00 2962.00 321 62
137 2436.00 1431.00 321 19
138 557.00 1872.00 321 65
139 2349.00 1232.00 321 6
140 2702.00 1003.00 321 27
141 2385.00 3695.00 321 5
142 1248.00 2241.00 321 13
143 1669.00 2391.00 321 23
144 282.00 1860.00 321 15
145 204.00 2759.00 321 61
146 1788.00 2045.00 321 8
147 2791.00 306.00 321 12
148 2267.00 243.00 321 21
149 597.00 1521.00 321 85
150 904.00 1870.00 321 98
151 2029.00 1680.00 321 82
152 1582.00 3572.00 321 91
153 2549.00 2103.00 321 40
154 1641.00 322.00 321 21
155 90.00 1483.00 321 61
156 946.00 3321.00 321 65
157 231.00 3288.00 321 10
158 318.00 2428.00 321 26
159 1941.00 1427.00 321 96
160 1758.00 2317.00 321 7
161 733.00 3880.00 321 5
162 819.00 3279.00 321 55
163 1786.00 2238.00 321 4
164 2800.00 772.00 321 88
165 850.00 3242.00 321 33
166 2188.00 642.00 321 16
167 2296.00 2738.00 321 57
168 129.00 1599.00 321 6
169 1971.00 1087.00 321 84
170 348.00 2503.00 321 68
171 2752.00 3198.00 321 95
172 1630.00 2530.00 321 19
173 520.00 3760.00 321 92
174 236.00 1541.00 321 44
175 16.00 1441.00 321 2
176 1198.00 2238.00 321 44
177 461.00 3235.00 321 40
178 1698.00 3379.00 321 47
179 890.00 848.00 321 17
180 525.00 689.00 321 64
181 1971.00 1600.00 321 59
182 1543.00 3742.00 321 83
183 1705.00 3918.00 321 71
184 1643.00 167.00 321 31
185 147.00 287.00 321 68
186 2145.00 1183.00 321 76
187 831.00 2503.00 321 78
188 1202.00 1000.00 321 100
189 2028.00 1719.00 321 35
190 880.00 1178.00 321 72
191 1272.00 3567.00 321 38
192 2096.00 71.00 321 70
193 118.00 767.00 321 39
194 867.00 3019.00 321 8
195 128.00 1522.00 321 49
196 2028.00 1795.00 321 35
197 322.00 48.00 321 97
198 1605.00 2199.00 321 42
199 782.00 653.00 321 3
200 2146.00 1635.00 321 93
201 2299.00 2700.00 321 10
202 1371.00 3683.00 321 11
203 1172.00 1330.00 321 15
204 1528.00 126.00 321 63
205 2379.00 2254.00 321 88
206 2763.00 656.00 321 16
207 1567.00 1171.00 321 54
208 1004.00 3059.00 321 5
209 224.00 484.00 321 21
210 680.00 2771.00 321 7
211 475.00 1706.00 321 45
212 2029.00 2665.00 321 40
213 9.00 2718.00 321 92
214 169.00 1743.00 321 87
215 2617.00 847.00 321 79
216 1796.00 1505.00 321 95
217 1057.00 1172.00 321 85
218 1787.00 2316.00 321 41
219 2566.00 3386.00 321 96
220 850.00 3878.00 321 60
221 37.00 3780.00 321 34
222 642.00 323.00 321 80
223 2424.00 3426.00 321 92
224 620.00 3223.00 321 88
225 888.00 2120.00 321 81
226 2380.00 1433.00 321 35
227 2800.00 3464.00 321 56
228 1986.00 2707.00 321 87
229 1663.00 1171.00 321 55
230 337.00 1933.00 321 44
231 847.00 2929.00 321 64
232 2204.00 2430.00 321 38
233 189.00 246.00 321 100
234 2548.00 2627.00 321 37
235 1046.00 730.00 321 72
236 1335.00 573.00 321 47
237 216.00 1181.00 321 46
238 270.00 3706.00 321 93
239 2665.00 1601.00 321 59
240 11.00 2217.00 321 51
241 597.00 2278.00 321 32
242 681.00 164.00 321 57
243 639.00 1145.00 321 51
244 1453.00 455.00 321 2
245 1158.00 3765.00 321 75
246 811.00 3858.00 321 3
247 1969.00 1677.00 321 50
248 250.00 3220.00 321 20
249 2010.00 488.00 321 89
250 689.00 2693.00 321 54
251 1031.00 3009.00 321 29
252 1273.00 3683.00 321 6
253 365.00 2427.00 321 1
254 1489.00 2235.00 321 74
255 1063.00 2701.00 321 32
256 1845.00 826.00 321 39
257 1651.00 770.00 321 85
258 2312.00 650.00 321 86
259 168.00 1858.00 321 24
260 89.00 2718.00 321 89
261 1468.00 2613.00 321 20
262 204.00 2643.00 321 64
263 1929.00 3049.00 321 64
264 1894.00 829.00 321 72
265 2300.00 3324.00 321 25
266 1395.00 1192.00 321 94
267 2645.00 2984.00 321 54
268 1128.00 633.00 321 92
269 10.00 2754.00 321 59
270 2590.00 393.00 321 41
271 464.00 3606.00 321 80
272 1567.00 1131.00 321 81
273 1651.00 534.00 321 54
274 2830.00 347.00 321 43
275 542.00 2099.00 321 55
276 2801.00 538.00 321 85
277 729.00 130.00 321 49
278 676.00 3531.00 321 23
279 2199.00 2273.00 321 65
280 1584.00 3842.00 321 59
281 2245.00 843.00 321 62
282 932.00 883.00 321 67
283 2792.00 384.00 321 42
284 2798.00 3563.00 321 51
285 120.00 805.00 321 71
286 -4.00 3873.00 321 23
287 281.00 1198.00 321 24
288 1863.00 1329.00 321 26
289 2209.00 2813.00 321 27
290 1988.00 3203.00 321 38
291 319.00 1784.00 321 42
292 597.00 2317.00 321 33
293 2800.00 2067.00 321 18
294 2320.00 2316.00 321 16
295 127.00 1015.00 321 61
296 438.00 1665.00 321 84
297 17.00 2052.00 321 1
298 166.00 1084.00 321 58
299 734.00 3087.00 321 58
300 2493.00 3248.00 321 21