400 65
0 1353.00 1972.00
1 1929.00 2236.00 321 96
2 825.00 1144.00 321 63
3 848.00 2775.00 321 6
4 2763.00 2222.00 321 38
5 1584.00 3258.00 321 21
6 2798.00 3350.00 321 27
7 1944.00 614.00 321 4
8 167.00 1665.00 321 83
9 186.00 203.00 321 94
10 556.00 3164.00 321 29
11 203.00 2602.00 321 28
12 281.00 1667.00 321 96
13 896.00 1027.00 321 72
14 1096.00 95.00 321 78
15 10.00 1637.00 321 31
16 1586.00 3878.00 321 7
17 50.00 2643.00 321 6
18 639.00 1145.00 321 51
19 1156.00 3801.00 321 98
20 1423.00 3532.00 321 81
21 2377.00 2468.00 321 30
22 224.00 484.00 321 21
23 463.00 3644.00 321 36
24 2494.00 3095.00 321 45
25 1855.00 2356.00 321 83
26 1585.00 3146.00 321 92
27 2800.00 578.00 321 36
28 2531.00 2787.00 321 45
29 2436.00 1431.00 321 19
30 534.00 473.00 321 79
31 656.00 2509.00 321 56
32 925.00 765.00 321 52
33 281.00 1318.00 321 89
34 853.00 3319.00 321 44
35 1809.00 182.00 321 61
36 2763.00 656.00 321 16
37 780.00 3572.00 321 90
38 2697.00 116.00 321 70
39 156.00 3791.00 321 69
40 950.00 919.00 321 16
41 1624.00 3861.00 321 74
42 283.00 2600.00 321 78
43 2067.00 1365.00 321 81
44 388.00 3548.00 321 100
45 1363.00 2662.00 321 79
46 759.00 2718.00 321 52
47 2604.00 3410.00 321 24
48 2665.00 2550.00 321 64
49 1376.00 333.00 321 34
50 1022.00 1522.00 321 87
51 2473.00 1373.00 321 69
52 2321.00 1832.00 321 44
53 1944.00 130.00 321 65
54 558.00 3317.00 321 27
55 674.00 3844.00 321 80
56 2628.00 1435.00 321 64
57 277.00 2427.00 321 27
58 1279.00 1062.00 321 83
59 1989.00 3419.00 321 58
60 2028.00 1526.00 321 88
61 996.00 1261.00 321 99
62 -66.00 3134.00 321 33
63 2548.00 2064.00 321 84
64 118.00 688.00 321 47
65 573.00 325.00 321 27
66 657.00 2881.00 321 76
67 1371.00 3683.00 321 11
68 2550.00 1874.00 321 23
69 2376.00 3057.00 321 1
70 2791.00 345.00 321 100
71 1539.00 573.00 321 25
72 1538.00 534.00 321 9
73 752.00 1520.00 321 8
74 2493.00 2786.00 321 9
75 849.00 3683.00 321 99
76 1239.00 1288.00 321 84
77 2227.00 108.00 321 78
78 2492.00 3286.00 321 61
79 2801.00 499.00 321 68
80 729.00 863.00 321 76
81 2492.00 2865.00 321 28
82 1213.00 3625.00 321 26
83 578.00 3144.00 321 69
84 394.00 3260.00 321 84
85 149.00 166.00 321 74
86 1401.00 976.00 321 66
87 1064.00 2739.00 321 96
88 734.00 2932.00 321 88
89 793.00 2081.00 321 90
90 1489.00 3162.00 321 43
91 322.00 524.00 321 21
92 945.00 2856.00 321 73
93 2830.00 114.00 321 58
94 2800.00 2337.00 321 64
95 897.00 3859.00 321 28
96 1848.00 249.00 321 20
97 2349.00 1831.00 321 46
98 1313.00 1783.00 321 54
99 -23.00 1994.00 321 44
100 1195.00 2278.00 321 63
101 202.00 2159.00 321 18
102 882.00 1143.00 321 61
103 754.00 1258.00 321 17
104 1132.00 162.00 321 19
105 1943.00 654.00 321 79
106 1248.00 2241.00 321 13
107 318.00 2233.00 321 18
108 1728.00 2859.00 321 26
109 2164.00 2576.00 321 43
110 50.00 2176.00 321 17
111 1196.00 2392.00 321 24
112 165.00 1202.00 321 48
113 281.00 1704.00 321 53
114 1448.00 3124.00 321 50
115 982.00 1521.00 321 14
116 461.00 3685.00 321 26
117 2495.00 2022.00 321 17
118 1239.00 1250.00 321 40
119 2263.00 1260.00 321 93
120 1602.00 2079.00 321 95
121 2792.00 75.00 321 35
122 1796.00 2665.00 321 99
123 203.00 2877.00 321 78
124 677.00 3320.00 321 13
125 2352.00 691.00 321 49
126 415.00 479.00 321 65
127 2291.00 1221.00 321 79
128 2548.00 2627.00 321 37
129 1584.00 3842.00 321 59
130 1440.00 167.00 321 82
131 2060.00 691.00 321 10
132 1949.00 2553.00 321 12
133 1939.00 325.00 321 66
134 63.00 360.00 321 33
135 1357.00 1368.00 321 85
136 1449.00 1093.00 321 72
137 186.00 285.00 321 37
138 2388.00 1209.00 321 82
139 811.00 3858.00 321 3
140 529.00 610.00 321 85
141 279.00 2755.00 321 24
142 2799.00 3274.00 321 69
143 1144.00 1909.00 321 50
144 1848.00 132.00 321 24
145 636.00 3439.00 321 52
146 2568.00 3466.00 321 78
147 434.00 1202.00 321 41
148 136.00 3468.00 321 98
149 1485.00 1521.00 321 53
150 2015.00 3802.00 321 58
151 2377.00 2981.00 321 55
152 2298.00 2854.00 321 92
153 888.00 2083.00 321 63
154 1090.00 425.00 321 88
155 886.00 2315.00 321 25
156 54.00 48.00 321 33
157 1949.00 3605.00 321 28
158 2507.00 561.00 321 38
159 2543.00 847.00 321 29
160 475.00 1431.00 321 4
161 880.00 1215.00 321 53
162 2649.00 25.00 321 36
163 2167.00 2537.00 321 24
164 855.00 706.00 321 43
165 1273.00 2664.00 321 55
166 324.00 3413.00 321 11
167 2296.00 2738.00 321 57
168 1796.00 3358.00 321 100
169 484.00 2671.00 321 53
170 2319.00 2277.00 321 6
171 1371.00 2740.00 321 24
172 638.00 728.00 321 61
173 2628.00 1715.00 321 59
174 598.00 2551.00 321 96
175 2328.00 3077.00 321 59
176 1856.00 1562.00 321 48
177 850.00 3878.00 321 60
178 88.00 2137.00 321 63
179 86.00 1211.00 321 74
180 1986.00 3724.00 321 71
181 405.00 3906.00 321 95
182 1409.00 1871.00 321 26
183 282.00 1626.00 321 95
184 107.00 3256.00 321 35
185 2376.00 3408.00 321 79
186 887.00 2468.00 321 63
187 943.00 3242.00 321 47
188 233.00 50.00 321 49
189 947.00 2894.00 321 81
190 1139.00 1869.00 321 7
191 2388.00 942.00 321 75
192 1526.00 204.00 321 23
193 33.00 368.00 321 39
194 1185.00 592.00 321 50
195 88.00 1327.00 321 10
196 90.00 2298.00 321 63
197 2529.00 2979.00 321 72
198 2465.00 1158.00 321 94
199 2320.00 1673.00 321 68
200 2068.00 1223.00 321 89
201 211.00 3514.00 321 11
202 167.00 1315.00 321 84
203 2492.00 2825.00 321 80
204 1432.00 1073.00 321 81
205 348.00 2503.00 321 68
206 494.00 504.00 321 65
207 2218.00 303.00 321 76
208 1601.00 3205.00 321 73
209 1795.00 3088.00 321 63
210 2173.00 1462.00 321 98
211 1604.00 2074.00 321 44
212 1439.00 3890.00 321 28
213 1797.00 2857.00 321 48
214 945.00 3359.00 321 70
215 2059.00 772.00 321 40
216 1049.00 170.00 321 70
217 2797.00 3794.00 321 83
218 1870.00 3782.00 321 82
219 2367.00 1354.00 321 17
220 1730.00 1986.00 321 70
221 189.00 246.00 321 100
222 2788.00 2167.00 321 86
223 1795.00 3764.00 321 7
224 1989.00 2818.00 321 31
225 642.00 128.00 321 5
226 1313.00 2156.00 321 66
227 13.00 2378.00 321 67
228 1198.00 2043.00 321 99
229 75.00 3462.00 321 59
230 2493.00 2255.00 321 29
231 281.00 1395.00 321 14
232 1951.00 896.00 321 30
233 2350.00 727.00 321 88
234 155.00 3822.00 321 18
235 2185.00 2853.00 321 21
236 1864.00 1369.00 321 21
237 484.00 185.00 321 9
238 2406.00 207.00 321 65
239 509.00 3879.00 321 93
240 945.00 3160.00 321 21
241 280.00 2161.00 321 37
242 119.00 728.00 321 51
243 2604.00 2905.00 321 43
244 640.00 1337.00 321 57
245 1003.00 3426.00 321 9
246 1732.00 91.00 321 34
247 639.00 1298.00 321 66
248 2028.00 2433.00 321 40
249 1848.00 286.00 321 61
250 302.00 203.00 321 58
251 2009.00 2622.00 321 81
252 2800.00 1738.00 321 69
253 1402.00 574.00 321 14
254 676.00 1821.00 321 33
255 931.00 205.00 321 99
256 2665.00 2139.00 321 13
257 707.00 1146.00 321 33
258 342.00 243.00 321 58
259 1848.00 211.00 321 90
260 2059.00 732.00 321 31
261 49.00 2257.00 321 99
262 931.00 246.00 321 46
263 205.00 2699.00 321 56
264 165.00 2042.00 321 27
265 348.00 3238.00 321 12
266 1102.00 1910.00 321 54
267 1087.00 613.00 321 85
268 2660.00 285.00 321 62
269 694.00 1955.00 321 36
270 490.00 3277.00 321 40
271 1047.00 847.00 321 6
272 2716.00 191.00 321 86
273 88.00 1445.00 321 17
274 2348.00 940.00 321 61
275 929.00 846.00 321 18
276 1971.00 1521.00 321 19
277 1160.00 3126.00 321 34
278 2029.00 1561.00 321 63
279 2466.00 1075.00 321 24
280 2491.00 2942.00 321 37
281 475.00 979.00 321 87
282 808.00 3237.00 321 88
283 2375.00 3288.00 321 2
284 2618.00 1756.00 321 7
285 9.00 2718.00 321 92
286 478.00 1665.00 321 71
287 484.00 2098.00 321 38
288 1808.00 453.00 321 55
289 895.00 3834.00 321 49
290 1082.00 2758.00 321 34
291 385.00 1230.00 321 88
292 483.00 2630.00 321 78
293 848.00 3727.00 321 54
294 319.00 1664.00 321 52
295 2378.00 168.00 321 33
296 1991.00 187.00 321 29
297 2187.00 2932.00 321 52
298 2491.00 2176.00 321 18
299 641.00 1415.00 321 41
300 1979.00 325.00 321 75
301 2515.00 3013.00 321 69
302 849.00 3125.00 321 48
303 339.00 124.00 321 11
304 2800.00 1781.00 321 84
305 1680.00 2515.00 321 29
306 1795.00 3320.00 321 90
307 78.00 3858.00 321 5
308 596.00 2787.00 321 75
309 733.00 3880.00 321 5
310 1788.00 2120.00 321 1
311 1855.00 1717.00 321 66
312 213.00 3824.00 321 74
313 14.00 1521.00 321 78
314 1044.00 763.00 321 36
315 2609.00 48.00 321 6
316 1854.00 1523.00 321 98
317 984.00 1898.00 321 10
318 438.00 1160.00 321 57
319 2308.00 1966.00 321 83
320 1218.00 1872.00 321 20
321 1700.00 3109.00 321 48
322 1570.00 1055.00 321 99
323 1198.00 2238.00 321 44
324 928.00 2200.00 321 34
325 1717.00 1484.00 321 90
326 1488.00 1715.00 321 6
327 462.00 3840.00 321 43
328 1163.00 2929.00 321 67
329 2029.00 1872.00 321 68
330 1797.00 3203.00 321 32
331 367.00 2238.00 321 21
332 1941.00 1427.00 321 96
333 2148.00 2240.00 321 3
334 1372.00 3240.00 321 26
335 1855.00 1794.00 321 47
336 2590.00 393.00 321 41
337 1369.00 3646.00 321 20
338 2264.00 1143.00 321 66
339 2038.00 1281.00 321 90
340 666.00 3472.00 321 49
341 2244.00 2450.00 321 9
342 349.00 3124.00 321 84
343 154.00 3241.00 321 24
344 280.00 2312.00 321 24
345 1969.00 2278.00 321 3
346 2659.00 772.00 321 54
347 926.00 2317.00 321 28
348 1540.00 767.00 321 13
349 127.00 2564.00 321 1
350 732.00 321.00 321 84
351 2185.00 3356.00 321 52
352 2799.00 3117.00 321 73
353 2105.00 2933.00 321 84
354 1174.00 942.00 321 53
355 2666.00 2626.00 321 52
356 1543.00 3742.00 321 83
357 2350.00 244.00 321 11
358 750.00 1088.00 321 79
359 2761.00 2372.00 321 85
360 1224.00 3667.00 321 69
361 2204.00 1635.00 321 67
362 1061.00 3801.00 321 46
363 2657.00 1272.00 321 83
364 1273.00 3683.00 321 6
365 1488.00 3085.00 321 100
366 1911.00 2779.00 321 68
367 2830.00 40.00 321 98
368 2204.00 1868.00 321 1
369 2658.00 134.00 321 69
370 733.00 3277.00 321 50
371 282.00 1900.00 321 53
372 1258.00 864.00 321 64
373 281.00 1584.00 321 96
374 114.00 3898.00 321 78
375 1971.00 2082.00 321 38
376 10.00 2754.00 321 59
377 2202.00 1673.00 321 47
378 597.00 2042.00 321 29
379 280.00 1240.00 321 83
380 312.00 465.00 321 69
381 474.00 1549.00 321 54
382 2349.00 1114.00 321 66
383 11.00 2292.00 321 33
384 1215.00 1523.00 321 69
385 2150.00 534.00 321 44
386 319.00 2118.00 321 80
387 165.00 2197.00 321 81
388 928.00 1667.00 321 36
389 2230.00 2254.00 321 8
390 1911.00 3278.00 321 22
391 2465.00 1232.00 321 63
392 1971.00 2317.00 321 86
393 2167.00 3618.00 321 19
394 675.00 3726.00 321 44
395 2029.00 1755.00 321 51
396 1329.00 284.00 321 21
397 2320.00 1598.00 321 14
398 2493.00 3170.00 321 84
399 1232.00 395.00 321 18
400 460.00 3489.00 321 8