100 10
0 409471.00 435602.00
1 409154 435528 720 50
2 409151 435683 720 4
3 409277 435420 720 33
4 409260 435538 720 15
5 409240 435695 720 1
6 409213 435897 720 5
7 409199 435982 720 87
8 409178 436078 720 91
9 409174 436171 720 45
10 409147 436256 720 1
11 409469 435389 720 41
12 409378 435463 720 23
13 409378 435563 720 26
14 409351 435734 720 301
15 409328 435891 720 53
16 409275 435982 720 1
17 409289 436065 720 80
18 409272 436188 720 118
19 409208 436263 720 1
20 409754 435326 720 1
21 409609 435201 720 15
22 409565 435307 720 12
23 409577 435510 720 60
24 409515 435614 720 35
25 409478 435707 720 138
26 409442 435810 720 1
27 409442 435913 720 173
28 409408 436075 720 61
29 409344 436201 720 1
30 409398 436213 720 21
31 409638 435143 720 8
32 409683 435349 720 18
33 409670 435514 720 35
34 409620 435615 720 17
35 409688 435618 720 22
36 409624 435752 720 60
37 409570 435942 720 65
38 409541 436090 720 54
39 409512 436236 720 39
40 409216 435826 720 1
41 409158 435820 720 1
42 408777 434870 720 5
43 408731 434657 720 115
44 408808 434639 720 30
45 408840 435022 720 98
46 408932 434976 720 61
47 408897 434650 720 79
48 409050 434674 720 8
49 409033 434769 720 193
50 408906 434723 720 4
51 409262 434873 720 654
52 409090 434982 720 63
53 409020 435056 720 22
54 409262 435017 720 283
55 409210 435093 720 150
56 409109 435153 720 153
57 409192 435244 720 20
58 409298 435127 720 10
59 409302 435225 720 13
60 409264 435295 720 3
61 409372 434355 720 19
62 409426 434622 720 444
63 409452 434831 720 54
64 409553 435074 720 25
65 409434 435030 720 21
66 409479 434592 720 13
67 409517 434818 720 19
68 409539 434954 720 26
69 409038 435235 720 90
70 409167 435416 720 105
71 408778 434739 720 73
72 409411 434362 720 3
73 409822 435466 720 1
74 409811 435545 720 46
75 409765 435617 720 28
76 409812 435857 720 160
77 409792 435978 720 1
78 409837 436155 720 65
79 409711 436281 720 152
80 409969 435509 720 1
81 409944 435714 720 61
82 410041 435866 720 102
83 409946 436015 720 49
84 410015 436193 720 43
85 410067 435592 720 1
86 410073 436039 720 48
87 410113 436329 720 27
88 410204 436314 720 6
89 409645 436119 720 49
90 410120 436189 720 27
91 409875 435755 720 19
92 410180 436398 720 33
93 410244 436276 720 1
94 410224 436222 720 1
95 410435 436784 720 37
96 409573 436533 720 49
97 409575 436677 720 54
98 409553 436813 720 30
99 409546 436882 720 12
100 409701 436391 720 34