300 30
0 409872.00 435604.00
1 409154 435528 740 50
2 409151 435683 740 4
3 409277 435420 740 33
4 409260 435538 740 15
5 409240 435695 740 1
6 409213 435897 740 5
7 409199 435982 740 87
8 409178 436078 740 91
9 409174 436171 740 45
10 409147 436256 740 1
11 409469 435389 740 41
12 409378 435463 740 23
13 409378 435563 740 26
14 409351 435734 740 301
15 409328 435891 740 53
16 409275 435982 740 1
17 409289 436065 740 80
18 409272 436188 740 118
19 409208 436263 740 1
20 409754 435326 740 1
21 409609 435201 740 15
22 409565 435307 740 12
23 409577 435510 740 60
24 409515 435614 740 35
25 409478 435707 740 138
26 409442 435810 740 1
27 409442 435913 740 173
28 409408 436075 740 61
29 409344 436201 740 1
30 409398 436213 740 21
31 409638 435143 740 8
32 409683 435349 740 18
33 409670 435514 740 35
34 409620 435615 740 17
35 409688 435618 740 22
36 409624 435752 740 60
37 409570 435942 740 65
38 409541 436090 740 54
39 409512 436236 740 39
40 409216 435826 740 1
41 409158 435820 740 1
42 408777 434870 740 5
43 408731 434657 740 115
44 408808 434639 740 30
45 408840 435022 740 98
46 408932 434976 740 61
47 408897 434650 740 79
48 409050 434674 740 8
49 409033 434769 740 193
50 408906 434723 740 4
51 409262 434873 740 654
52 409090 434982 740 63
53 409020 435056 740 22
54 409262 435017 740 283
55 409210 435093 740 150
56 409109 435153 740 153
57 409192 435244 740 20
58 409298 435127 740 10
59 409302 435225 740 13
60 409264 435295 740 3
61 409372 434355 740 19
62 409426 434622 740 444
63 409452 434831 740 54
64 409553 435074 740 25
65 409434 435030 740 21
66 409479 434592 740 13
67 409517 434818 740 19
68 409539 434954 740 26
69 409038 435235 740 90
70 409167 435416 740 105
71 408778 434739 740 73
72 409411 434362 740 3
73 409822 435466 740 1
74 409811 435545 740 46
75 409765 435617 740 28
76 409812 435857 740 160
77 409792 435978 740 1
78 409837 436155 740 65
79 409711 436281 740 152
80 409969 435509 740 1
81 409944 435714 740 61
82 410041 435866 740 102
83 409946 436015 740 49
84 410015 436193 740 43
85 410067 435592 740 1
86 410073 436039 740 48
87 410113 436329 740 27
88 410204 436314 740 6
89 409645 436119 740 49
90 410120 436189 740 27
91 409875 435755 740 19
92 410180 436398 740 33
93 410244 436276 740 1
94 410224 436222 740 1
95 410435 436784 740 37
96 409573 436533 740 49
97 409575 436677 740 54
98 409553 436813 740 30
99 409546 436882 740 12
100 409701 436391 740 34
101 409691 436539 740 58
102 409680 436697 740 61
103 409667 436825 740 23
104 409657 436892 740 12
105 409858 436418 740 96
106 409795 436554 740 37
107 409788 436708 740 46
108 409768 436873 740 25
109 409900 436600 740 52
110 409863 436728 740 35
111 409923 436735 740 31
112 409874 436894 740 41
113 410006 436607 740 33
114 410003 436738 740 26
115 410006 436804 740 28
116 409960 436901 740 19
117 410014 436903 740 17
118 409816 437011 740 28
119 410120 436627 740 39
120 410099 436799 740 32
121 410072 436904 740 5
122 410234 436518 740 39
123 410205 436634 740 36
124 410213 436728 740 25
125 410212 436795 740 22
126 410320 436562 740 17
127 410324 436701 740 32
128 410107 437014 740 7
129 410201 436904 740 1
130 410140 436494 740 33
131 409026 436332 740 88
132 408906 436537 740 18
133 408865 436634 740 49
134 408849 436707 740 7
135 408791 436841 740 1
136 409016 436511 740 62
137 408946 436666 740 26
138 408921 436738 740 25
139 408872 436787 740 13
140 408903 436834 740 13
141 409160 436346 740 20
142 409102 436513 740 67
143 409007 436747 740 34
144 408951 436887 740 1
145 409261 436338 740 127
146 409213 436540 740 42
147 409150 436607 740 84
148 409114 436740 740 27
149 409065 436786 740 2
150 409057 436848 740 18
151 409174 436708 740 37
152 409136 436838 740 26
153 409322 436406 740 96
154 409255 436694 740 84
155 409213 436836 740 33
156 409372 436561 740 103
157 409286 436828 740 34
158 409355 436788 740 6
159 409482 436380 740 31
160 409456 436520 740 38
161 409442 436668 740 94
162 409429 436834 740 32
163 408514 436845 740 9
164 408597 436868 740 15
165 408644 436892 740 5
166 408796 436835 740 185
167 408888 436863 740 54
168 408951 436887 740 135
169 409662 434465 740 6
170 409591 434570 740 25
171 409610 434773 740 16
172 409638 434867 740 1
173 409684 434946 740 1
174 409830 435210 740 24
175 409738 434678 740 19
176 409700 434754 740 46
177 409732 434890 740 30
178 409718 435043 740 21
179 409810 435094 740 11
180 409892 435208 740 33
181 409968 435327 740 20
182 409770 434593 740 23
183 409819 434672 740 30
184 409812 434774 740 43
185 409823 434877 740 37
186 409798 434991 740 6
187 409939 435089 740 51
188 409972 435164 740 62
189 409923 434767 740 15
190 409920 434854 740 8
191 409892 434941 740 16
192 409971 435014 740 25
193 410079 435087 740 37
194 410064 435263 740 21
195 409833 434956 740 22
196 410157 435130 740 25
197 409962 434875 740 40
198 410042 434928 740 19
199 410123 434968 740 27
200 410197 435045 740 5
201 410307 434939 740 31
202 410389 434885 740 17
203 409789 434303 740 41
204 409837 434359 740 26
205 409917 434411 740 21
206 410012 434462 740 14
207 409942 434312 740 39
208 410090 434450 740 28
209 410238 434566 740 2
210 410014 434305 740 26
211 410109 434397 740 20
212 410169 434467 740 22
213 410088 434282 740 1
214 410153 434343 740 20
215 410249 434330 740 14
216 410282 434470 740 21
217 409715 434552 740 29
218 409832 434522 740 1
219 409987 434568 740 1
220 410230 434688 740 1
221 410071 434703 740 1
222 410047 434778 740 1
223 410113 434847 740 1
224 410179 435225 740 29
225 410209 435297 740 42
226 410244 435175 740 1
227 410298 435298 740 1
228 410294 435141 740 26
229 410347 435267 740 48
230 410359 435086 740 46
231 410430 435251 740 53
232 410429 435043 740 58
233 410511 435237 740 60
234 410492 434950 740 28
235 410545 435076 740 6
236 410604 435208 740 2
237 410637 435315 740 1
238 410556 434954 740 23
239 410607 435053 740 26
240 410650 435170 740 21
241 410618 434776 740 30
242 410656 435029 740 31
243 410705 435132 740 21
244 410721 435245 740 17
245 410684 435340 740 3
246 410660 434732 740 32
247 410737 434792 740 33
248 410744 435073 740 30
249 410808 435074 740 1
250 410830 435132 740 8
251 410707 434687 740 28
252 410780 434673 740 70
253 410780 434836 740 19
254 410826 434878 740 16
255 410894 434903 740 22
256 410939 434936 740 13
257 410964 434773 740 38
258 411148 435075 740 25
259 411144 435014 740 47
260 411176 434965 740 37
261 411173 434890 740 34
262 411326 435084 740 32
263 410816 435249 740 40
264 410481 434658 740 2
265 411176 435474 740 10
266 411217 435493 740 20
267 411272 435509 740 20
268 411342 435526 740 17
269 410651 434905 740 1
270 410783 434971 740 1
271 410920 435029 740 1
272 411057 435110 740 1
273 411034 435304 740 1
274 410556 434848 740 1
275 410853 434804 740 1
276 410958 434862 740 1
277 411069 434818 740 1
278 411250 435070 740 1
279 411327 434980 740 1
280 411037 434936 740 1
281 411269 435392 740 1
282 411398 435412 740 1
283 410220 435613 740 1
284 410169 435417 740 26
285 410228 435388 740 26
286 410252 435543 740 28
287 410289 435663 740 25
288 410348 436049 740 52
289 410301 435384 740 20
290 410325 435510 740 30
291 410345 435646 740 39
292 410373 435785 740 31
293 410394 435919 740 30
294 410417 436035 740 24
295 410439 436137 740 17
296 410466 436253 740 18
297 410395 436240 740 1
298 410482 436373 740 17
299 410371 435374 740 11
300 410394 435496 740 31