200 15
0 409534.00 435871.00
1 409154 435528 840 50
2 409151 435683 840 4
3 409277 435420 840 33
4 409260 435538 840 15
5 409240 435695 840 1
6 409213 435897 840 5
7 409199 435982 840 87
8 409178 436078 840 91
9 409174 436171 840 45
10 409147 436256 840 1
11 409469 435389 840 41
12 409378 435463 840 23
13 409378 435563 840 26
14 409351 435734 840 301
15 409328 435891 840 53
16 409275 435982 840 1
17 409289 436065 840 80
18 409272 436188 840 118
19 409208 436263 840 1
20 409754 435326 840 1
21 409609 435201 840 15
22 409565 435307 840 12
23 409577 435510 840 60
24 409515 435614 840 35
25 409478 435707 840 138
26 409442 435810 840 1
27 409442 435913 840 173
28 409408 436075 840 61
29 409344 436201 840 1
30 409398 436213 840 21
31 409638 435143 840 8
32 409683 435349 840 18
33 409670 435514 840 35
34 409620 435615 840 17
35 409688 435618 840 22
36 409624 435752 840 60
37 409570 435942 840 65
38 409541 436090 840 54
39 409512 436236 840 39
40 409216 435826 840 1
41 409158 435820 840 1
42 408777 434870 840 5
43 408731 434657 840 115
44 408808 434639 840 30
45 408840 435022 840 98
46 408932 434976 840 61
47 408897 434650 840 79
48 409050 434674 840 8
49 409033 434769 840 193
50 408906 434723 840 4
51 409262 434873 840 654
52 409090 434982 840 63
53 409020 435056 840 22
54 409262 435017 840 283
55 409210 435093 840 150
56 409109 435153 840 153
57 409192 435244 840 20
58 409298 435127 840 10
59 409302 435225 840 13
60 409264 435295 840 3
61 409372 434355 840 19
62 409426 434622 840 444
63 409452 434831 840 54
64 409553 435074 840 25
65 409434 435030 840 21
66 409479 434592 840 13
67 409517 434818 840 19
68 409539 434954 840 26
69 409038 435235 840 90
70 409167 435416 840 105
71 408778 434739 840 73
72 409411 434362 840 3
73 409822 435466 840 1
74 409811 435545 840 46
75 409765 435617 840 28
76 409812 435857 840 160
77 409792 435978 840 1
78 409837 436155 840 65
79 409711 436281 840 152
80 409969 435509 840 1
81 409944 435714 840 61
82 410041 435866 840 102
83 409946 436015 840 49
84 410015 436193 840 43
85 410067 435592 840 1
86 410073 436039 840 48
87 410113 436329 840 27
88 410204 436314 840 6
89 409645 436119 840 49
90 410120 436189 840 27
91 409875 435755 840 19
92 410180 436398 840 33
93 410244 436276 840 1
94 410224 436222 840 1
95 410435 436784 840 37
96 409573 436533 840 49
97 409575 436677 840 54
98 409553 436813 840 30
99 409546 436882 840 12
100 409701 436391 840 34
101 409691 436539 840 58
102 409680 436697 840 61
103 409667 436825 840 23
104 409657 436892 840 12
105 409858 436418 840 96
106 409795 436554 840 37
107 409788 436708 840 46
108 409768 436873 840 25
109 409900 436600 840 52
110 409863 436728 840 35
111 409923 436735 840 31
112 409874 436894 840 41
113 410006 436607 840 33
114 410003 436738 840 26
115 410006 436804 840 28
116 409960 436901 840 19
117 410014 436903 840 17
118 409816 437011 840 28
119 410120 436627 840 39
120 410099 436799 840 32
121 410072 436904 840 5
122 410234 436518 840 39
123 410205 436634 840 36
124 410213 436728 840 25
125 410212 436795 840 22
126 410320 436562 840 17
127 410324 436701 840 32
128 410107 437014 840 7
129 410201 436904 840 1
130 410140 436494 840 33
131 409026 436332 840 88
132 408906 436537 840 18
133 408865 436634 840 49
134 408849 436707 840 7
135 408791 436841 840 1
136 409016 436511 840 62
137 408946 436666 840 26
138 408921 436738 840 25
139 408872 436787 840 13
140 408903 436834 840 13
141 409160 436346 840 20
142 409102 436513 840 67
143 409007 436747 840 34
144 408951 436887 840 1
145 409261 436338 840 127
146 409213 436540 840 42
147 409150 436607 840 84
148 409114 436740 840 27
149 409065 436786 840 2
150 409057 436848 840 18
151 409174 436708 840 37
152 409136 436838 840 26
153 409322 436406 840 96
154 409255 436694 840 84
155 409213 436836 840 33
156 409372 436561 840 103
157 409286 436828 840 34
158 409355 436788 840 6
159 409482 436380 840 31
160 409456 436520 840 38
161 409442 436668 840 94
162 409429 436834 840 32
163 408514 436845 840 9
164 408597 436868 840 15
165 408644 436892 840 5
166 408796 436835 840 185
167 408888 436863 840 54
168 408951 436887 840 135
169 409662 434465 840 6
170 409591 434570 840 25
171 409610 434773 840 16
172 409638 434867 840 1
173 409684 434946 840 1
174 409830 435210 840 24
175 409738 434678 840 19
176 409700 434754 840 46
177 409732 434890 840 30
178 409718 435043 840 21
179 409810 435094 840 11
180 409892 435208 840 33
181 409968 435327 840 20
182 409770 434593 840 23
183 409819 434672 840 30
184 409812 434774 840 43
185 409823 434877 840 37
186 409798 434991 840 6
187 409939 435089 840 51
188 409972 435164 840 62
189 409923 434767 840 15
190 409920 434854 840 8
191 409892 434941 840 16
192 409971 435014 840 25
193 410079 435087 840 37
194 410064 435263 840 21
195 409833 434956 840 22
196 410157 435130 840 25
197 409962 434875 840 40
198 410042 434928 840 19
199 410123 434968 840 27
200 410197 435045 840 5