300 50
0 1363.00 1881.00
1 2290.00 2585.00 321 4
2 484.00 2863.00 321 48
3 825.00 1144.00 321 63
4 170.00 1131.00 321 55
5 641.00 883.00 321 83
6 11.00 2217.00 321 51
7 803.00 2142.00 321 34
8 1252.00 3025.00 321 99
9 166.00 1587.00 321 25
10 2797.00 3389.00 321 50
11 2149.00 165.00 321 59
12 1157.00 3843.00 321 73
13 2224.00 1066.00 321 71
14 1159.00 2431.00 321 77
15 2261.00 1065.00 321 63
16 1717.00 1291.00 321 27
17 2068.00 1182.00 321 51
18 1697.00 1389.00 321 72
19 1063.00 2816.00 321 58
20 1825.00 731.00 321 96
21 2799.00 1409.00 321 22
22 2493.00 2506.00 321 60
23 2320.00 2316.00 321 16
24 1749.00 1330.00 321 37
25 89.00 2449.00 321 56
26 1046.00 650.00 321 86
27 2178.00 611.00 321 53
28 2377.00 2177.00 321 82
29 1988.00 3606.00 321 92
30 49.00 1795.00 321 20
31 850.00 3162.00 321 87
32 1186.00 3743.00 321 38
33 1564.00 331.00 321 25
34 1586.00 3341.00 321 33
35 1142.00 804.00 321 66
36 2704.00 1583.00 321 65
37 1848.00 286.00 321 61
38 641.00 1179.00 321 95
39 91.00 1520.00 321 4
40 525.00 166.00 321 56
41 1488.00 1715.00 321 6
42 1485.00 1521.00 321 53
43 2267.00 243.00 321 21
44 945.00 3359.00 321 70
45 2666.00 1755.00 321 40
46 2543.00 170.00 321 29
47 716.00 1842.00 321 23
48 1055.00 1400.00 321 63
49 1238.00 1210.00 321 89
50 1493.00 3124.00 321 13
51 1789.00 73.00 321 54
52 33.00 368.00 321 39
53 1750.00 1371.00 321 98
54 12.00 1134.00 321 79
55 2800.00 1781.00 321 84
56 156.00 3355.00 321 93
57 735.00 2701.00 321 80
58 2146.00 1520.00 321 45
59 50.00 2757.00 321 11
60 1429.00 2044.00 321 4
61 370.00 2351.00 321 100
62 1440.00 167.00 321 82
63 280.00 2161.00 321 37
64 10.00 2601.00 321 41
65 322.00 2080.00 321 76
66 1157.00 3530.00 321 12
67 1855.00 576.00 321 22
68 2791.00 191.00 321 62
69 732.00 2896.00 321 46
70 819.00 3279.00 321 55
71 1238.00 1444.00 321 82
72 1731.00 209.00 321 83
73 2703.00 1680.00 321 11
74 904.00 3793.00 321 93
75 282.00 2640.00 321 42
76 2665.00 1836.00 321 31
77 2543.00 579.00 321 23
78 2048.00 1950.00 321 88
79 127.00 2874.00 321 92
80 1195.00 2278.00 321 63
81 1487.00 3685.00 321 48
82 1910.00 3686.00 321 75
83 1490.00 2121.00 321 67
84 640.00 361.00 321 11
85 2206.00 1830.00 321 94
86 279.00 1061.00 321 93
87 112.00 3663.00 321 98
88 1204.00 3783.00 321 66
89 729.00 166.00 321 34
90 2657.00 248.00 321 95
91 1108.00 2815.00 321 12
92 1969.00 2278.00 321 3
93 1158.00 2081.00 321 99
94 982.00 1521.00 321 14
95 2252.00 1521.00 321 70
96 430.00 648.00 321 25
97 9.00 2524.00 321 60
98 640.00 842.00 321 42
99 395.00 2952.00 321 92
100 388.00 3548.00 321 100
101 1913.00 1787.00 321 7
102 92.00 2420.00 321 42
103 368.00 2160.00 321 53
104 1274.00 3278.00 321 94
105 11.00 2872.00 321 71
106 1451.00 612.00 321 22
107 2667.00 2025.00 321 88
108 2266.00 730.00 321 67
109 523.00 1256.00 321 55
110 126.00 2607.00 321 8
111 2658.00 134.00 321 69
112 2149.00 244.00 321 98
113 2772.00 2512.00 321 71
114 2204.00 2239.00 321 49
115 437.00 1744.00 321 8
116 1580.00 3722.00 321 53
117 946.00 3843.00 321 18
118 1698.00 3649.00 321 56
119 424.00 3687.00 321 19
120 204.00 2428.00 321 55
121 1696.00 3765.00 321 11
122 2296.00 2738.00 321 57
123 2732.00 2491.00 321 45
124 1481.00 223.00 321 66
125 305.00 325.00 321 18
126 2790.00 115.00 321 20
127 1787.00 2085.00 321 20
128 426.00 685.00 321 46
129 348.00 3798.00 321 89
130 1206.00 2489.00 321 94
131 1239.00 1329.00 321 23
132 2302.00 223.00 321 60
133 2495.00 2665.00 321 92
134 2800.00 1548.00 321 89
135 2185.00 2853.00 321 21
136 1788.00 2160.00 321 97
137 165.00 2721.00 321 68
138 2667.00 2394.00 321 92
139 1796.00 3881.00 321 21
140 945.00 1870.00 321 41
141 1586.00 2894.00 321 65
142 1412.00 1054.00 321 79
143 1971.00 1521.00 321 19
144 890.00 848.00 321 17
145 2146.00 1635.00 321 93
146 88.00 1327.00 321 10
147 2350.00 827.00 321 28
148 311.00 839.00 321 42
149 2760.00 2338.00 321 86
150 2319.00 2202.00 321 89
151 1062.00 3203.00 321 1
152 1911.00 2738.00 321 31
153 1795.00 3320.00 321 90
154 1452.00 880.00 321 16
155 1971.00 2317.00 321 86
156 318.00 2428.00 321 26
157 1770.00 360.00 321 45
158 806.00 107.00 321 72
159 655.00 1966.00 321 27
160 1215.00 1523.00 321 69
161 1631.00 1473.00 321 41
162 429.00 804.00 321 43
163 573.00 325.00 321 27
164 747.00 1358.00 321 78
165 1741.00 575.00 321 21
166 843.00 864.00 321 86
167 482.00 2784.00 321 44
168 1548.00 2553.00 321 3
169 789.00 1872.00 321 13
170 358.00 1841.00 321 56
171 1415.00 327.00 321 18
172 1951.00 1183.00 321 55
173 1051.00 88.00 321 47
174 2029.00 1755.00 321 51
175 1739.00 2779.00 321 85
176 1448.00 3124.00 321 50
177 2377.00 1679.00 321 65
178 2268.00 282.00 321 73
179 716.00 1899.00 321 20
180 995.00 1145.00 321 63
181 75.00 3546.00 321 70
182 2068.00 1223.00 321 89
183 2163.00 2624.00 321 37
184 438.00 1473.00 321 79
185 167.00 1711.00 321 32
186 2760.00 2105.00 321 38
187 1274.00 3808.00 321 65
188 2649.00 25.00 321 36
189 638.00 1455.00 321 99
190 1055.00 1431.00 321 32
191 726.00 117.00 321 56
192 2194.00 1921.00 321 55
193 1430.00 2082.00 321 48
194 165.00 1360.00 321 10
195 322.00 1200.00 321 47
196 2105.00 2894.00 321 91
197 157.00 3861.00 321 69
198 1911.00 3318.00 321 57
199 1488.00 2659.00 321 69
200 1777.00 2471.00 321 4
201 2106.00 3841.00 321 36
202 2241.00 2062.00 321 61
203 955.00 2023.00 321 73
204 509.00 3879.00 321 93
205 2800.00 2414.00 321 91
206 2659.00 368.00 321 19
207 1159.00 2738.00 321 68
208 657.00 2390.00 321 88
209 319.00 2315.00 321 71
210 2831.00 269.00 321 17
211 1442.00 127.00 321 11
212 10.00 2834.00 321 19
213 2028.00 1526.00 321 88
214 1172.00 1212.00 321 15
215 1248.00 2241.00 321 13
216 2301.00 2933.00 321 20
217 1971.00 1600.00 321 59
218 2763.00 3292.00 321 67
219 2028.00 1719.00 321 35
220 2058.00 86.00 321 41
221 302.00 203.00 321 58
222 1429.00 2198.00 321 77
223 53.00 1057.00 321 58
224 2149.00 1143.00 321 89
225 1529.00 1291.00 321 33
226 2760.00 2259.00 321 14
227 1224.00 3667.00 321 69
228 75.00 3462.00 321 59
229 1583.00 3604.00 321 76
230 34.00 362.00 321 22
231 87.00 2872.00 321 83
232 127.00 1367.00 321 66
233 849.00 2665.00 321 69
234 1274.00 1560.00 321 14
235 494.00 504.00 321 65
236 321.00 1590.00 321 9
237 2791.00 231.00 321 26
238 1949.00 3811.00 321 90
239 457.00 122.00 321 67
240 2185.00 2738.00 321 30
241 2761.00 1621.00 321 22
242 675.00 3684.00 321 66
243 78.00 1990.00 321 7
244 848.00 1907.00 321 41
245 2379.00 2137.00 321 62
246 2167.00 3618.00 321 19
247 1369.00 2857.00 321 78
248 1886.00 245.00 321 62
249 461.00 3685.00 321 26
250 1796.00 1505.00 321 95
251 1547.00 2699.00 321 78
252 365.00 2582.00 321 81
253 1809.00 182.00 321 61
254 2548.00 1524.00 321 42
255 316.00 2640.00 321 52
256 849.00 3125.00 321 48
257 2567.00 3234.00 321 40
258 54.00 574.00 321 88
259 1710.00 233.00 321 34
260 1059.00 2933.00 321 32
261 1157.00 2003.00 321 51
262 1717.00 1869.00 321 86
263 1567.00 1322.00 321 96
264 746.00 958.00 321 1
265 2462.00 1112.00 321 43
266 762.00 2117.00 321 61
267 1045.00 608.00 321 23
268 1159.00 2315.00 321 61
269 2028.00 1318.00 321 10
270 1911.00 3760.00 321 48
271 929.00 612.00 321 88
272 1258.00 804.00 321 9
273 2540.00 1156.00 321 44
274 1680.00 2515.00 321 29
275 824.00 1104.00 321 46
276 2501.00 1342.00 321 86
277 1357.00 1368.00 321 85
278 149.00 129.00 321 71
279 1735.00 170.00 321 98
280 808.00 3444.00 321 26
281 640.00 1337.00 321 57
282 534.00 473.00 321 79
283 945.00 3203.00 321 20
284 2762.00 1178.00 321 4
285 262.00 991.00 321 28
286 2494.00 1559.00 321 10
287 2704.00 2317.00 321 86
288 2106.00 3359.00 321 22
289 1581.00 2852.00 321 44
290 825.00 1261.00 321 96
291 235.00 1838.00 321 84
292 2666.00 2328.00 321 37
293 2018.00 1930.00 321 51
294 1989.00 2818.00 321 31
295 174.00 3184.00 321 56
296 1884.00 2451.00 321 77
297 547.00 3010.00 321 67
298 474.00 1277.00 321 25
299 2801.00 1254.00 321 77
300 1933.00 1642.00 321 70