200 40
0 1295.00 1839.00
1 735.00 2741.00 321 80
2 675.00 3396.00 321 77
3 4.00 602.00 321 49
4 2646.00 1486.00 321 4
5 2348.00 2396.00 321 70
6 1429.00 2277.00 321 17
7 1185.00 592.00 321 50
8 1172.00 1330.00 321 15
9 2570.00 1004.00 321 42
10 547.00 3010.00 321 67
11 888.00 2353.00 321 77
12 11.00 1055.00 321 79
13 1563.00 1899.00 321 75
14 2065.00 2026.00 321 59
15 2106.00 2819.00 321 51
16 600.00 2629.00 321 50
17 1158.00 3765.00 321 75
18 460.00 3489.00 321 8
19 1863.00 1329.00 321 26
20 1696.00 3041.00 321 56
21 2015.00 3802.00 321 58
22 1697.00 1389.00 321 72
23 642.00 208.00 321 19
24 2542.00 1040.00 321 42
25 947.00 2894.00 321 81
26 1913.00 770.00 321 18
27 2465.00 129.00 321 38
28 128.00 1522.00 321 49
29 320.00 2757.00 321 62
30 2319.00 2277.00 321 6
31 1157.00 2042.00 321 86
32 233.00 802.00 321 83
33 946.00 3883.00 321 77
34 243.00 918.00 321 38
35 63.00 360.00 321 33
36 2338.00 2620.00 321 4
37 1159.00 2162.00 321 82
38 2128.00 807.00 321 34
39 147.00 322.00 321 55
40 2618.00 1756.00 321 7
41 2567.00 3234.00 321 40
42 49.00 1135.00 321 39
43 1603.00 2316.00 321 16
44 732.00 3767.00 321 4
45 1941.00 536.00 321 37
46 2541.00 771.00 321 30
47 2797.00 3794.00 321 83
48 2205.00 2314.00 321 65
49 2829.00 1237.00 321 89
50 1062.00 2776.00 321 95
51 1660.00 1089.00 321 68
52 1660.00 1559.00 321 89
53 442.00 3919.00 321 68
54 557.00 1521.00 321 51
55 204.00 2316.00 321 75
56 120.00 882.00 321 12
57 2059.00 651.00 321 96
58 2617.00 1195.00 321 99
59 165.00 2197.00 321 81
60 1045.00 608.00 321 23
61 2531.00 2827.00 321 65
62 87.00 2679.00 321 11
63 1781.00 128.00 321 66
64 1528.00 283.00 321 99
65 1163.00 2929.00 321 67
66 435.00 2373.00 321 91
67 826.00 3821.00 321 31
68 1143.00 650.00 321 16
69 11.00 2872.00 321 71
70 2061.00 131.00 321 83
71 642.00 688.00 321 52
72 2377.00 2099.00 321 77
73 1943.00 729.00 321 28
74 1442.00 242.00 321 22
75 1001.00 514.00 321 76
76 1144.00 1009.00 321 16
77 1452.00 1289.00 321 75
78 436.00 2437.00 321 1
79 2542.00 657.00 321 57
80 15.00 1210.00 321 58
81 1970.00 2239.00 321 32
82 780.00 3424.00 321 95
83 635.00 2787.00 321 60
84 2265.00 203.00 321 24
85 1085.00 928.00 321 17
86 1857.00 540.00 321 34
87 2761.00 808.00 321 64
88 1153.00 387.00 321 72
89 843.00 1399.00 321 96
90 2145.00 1183.00 321 76
91 241.00 1433.00 321 7
92 2799.00 2143.00 321 73
93 437.00 1703.00 321 98
94 1585.00 2701.00 321 12
95 453.00 162.00 321 7
96 2704.00 1583.00 321 65
97 848.00 3607.00 321 61
98 204.00 2759.00 321 61
99 529.00 610.00 321 85
100 86.00 1248.00 321 8
101 981.00 2279.00 321 67
102 1048.00 1056.00 321 46
103 -47.00 512.00 321 32
104 88.00 2911.00 321 52
105 2473.00 1373.00 321 69
106 780.00 2967.00 321 42
107 2326.00 306.00 321 62
108 2075.00 3104.00 321 51
109 149.00 166.00 321 74
110 842.00 2583.00 321 80
111 639.00 1145.00 321 51
112 2146.00 1870.00 321 56
113 1949.00 3888.00 321 92
114 944.00 2932.00 321 74
115 635.00 2822.00 321 28
116 2661.00 701.00 321 84
117 2148.00 1063.00 321 89
118 751.00 1867.00 321 53
119 2529.00 1003.00 321 59
120 945.00 3359.00 321 70
121 368.00 2160.00 321 53
122 1602.00 1871.00 321 76
123 11.00 2563.00 321 95
124 2666.00 2626.00 321 52
125 103.00 3159.00 321 79
126 1063.00 2816.00 321 58
127 734.00 3087.00 321 58
128 925.00 2241.00 321 47
129 2800.00 810.00 321 52
130 -23.00 1994.00 321 44
131 1988.00 3606.00 321 92
132 2377.00 3328.00 321 77
133 2659.00 441.00 321 40
134 849.00 2665.00 321 69
135 984.00 1898.00 321 10
136 2466.00 323.00 321 15
137 1141.00 768.00 321 89
138 1864.00 1369.00 321 21
139 689.00 843.00 321 96
140 2296.00 3205.00 321 39
141 2549.00 1832.00 321 28
142 14.00 1406.00 321 45
143 311.00 685.00 321 96
144 2111.00 466.00 321 93
145 164.00 2799.00 321 31
146 1273.00 3764.00 321 40
147 15.00 1678.00 321 57
148 165.00 2042.00 321 27
149 1640.00 3473.00 321 14
150 1795.00 2892.00 321 58
151 1441.00 204.00 321 63
152 205.00 2721.00 321 46
153 2147.00 1597.00 321 81
154 847.00 2736.00 321 46
155 2798.00 3234.00 321 39
156 167.00 1820.00 321 27
157 1605.00 1190.00 321 46
158 464.00 3606.00 321 80
159 281.00 2278.00 321 63
160 1369.00 2894.00 321 71
161 2617.00 1525.00 321 79
162 168.00 1858.00 321 24
163 597.00 2317.00 321 33
164 2761.00 1293.00 321 27
165 2541.00 362.00 321 13
166 437.00 1744.00 321 8
167 53.00 1600.00 321 83
168 1061.00 3241.00 321 34
169 1836.00 1214.00 321 96
170 1910.00 3686.00 321 75
171 1059.00 3763.00 321 3
172 1489.00 2813.00 321 4
173 1604.00 2272.00 321 43
174 823.00 1222.00 321 36
175 2657.00 1236.00 321 37
176 1239.00 1174.00 321 1
177 1871.00 2526.00 321 13
178 370.00 2351.00 321 100
179 997.00 1298.00 321 74
180 31.00 364.00 321 17
181 358.00 1841.00 321 56
182 1329.00 204.00 321 9
183 2068.00 1223.00 321 89
184 842.00 631.00 321 53
185 995.00 1145.00 321 63
186 2112.00 2317.00 321 41
187 2150.00 691.00 321 56
188 86.00 1408.00 321 55
189 1118.00 3501.00 321 100
190 1951.00 896.00 321 30
191 2264.00 1143.00 321 66
192 2641.00 411.00 321 97
193 125.00 1172.00 321 3
194 601.00 575.00 321 71
195 1274.00 1560.00 321 14
196 2106.00 3643.00 321 42
197 1624.00 3861.00 321 74
198 641.00 1179.00 321 95
199 1797.00 2934.00 321 50
200 1370.00 1594.00 321 11