200 35
0 1395.00 1868.00
1 2646.00 1486.00 321 4
2 2146.00 1261.00 321 32
3 128.00 1522.00 321 49
4 2661.00 701.00 321 84
5 2657.00 1314.00 321 79
6 1682.00 249.00 321 7
7 2300.00 3324.00 321 25
8 1082.00 2758.00 321 34
9 321.00 1743.00 321 26
10 167.00 1434.00 321 20
11 1942.00 572.00 321 63
12 1848.00 211.00 321 90
13 2474.00 1953.00 321 77
14 2377.00 2786.00 321 61
15 1859.00 694.00 321 95
16 1157.00 3843.00 321 73
17 1669.00 2391.00 321 23
18 1777.00 2471.00 321 4
19 904.00 1870.00 321 98
20 2552.00 1600.00 321 86
21 2701.00 3940.00 321 94
22 1198.00 2043.00 321 99
23 1605.00 1190.00 321 46
24 482.00 2824.00 321 84
25 2831.00 309.00 321 79
26 1439.00 3890.00 321 28
27 1757.00 2374.00 321 68
28 2491.00 2902.00 321 37
29 169.00 1743.00 321 87
30 247.00 382.00 321 38
31 2641.00 411.00 321 97
32 2798.00 3796.00 321 64
33 1739.00 2779.00 321 85
34 205.00 2721.00 321 46
35 1330.00 244.00 321 27
36 1085.00 928.00 321 17
37 2352.00 89.00 321 95
38 2605.00 3136.00 321 64
39 2830.00 114.00 321 58
40 2312.00 650.00 321 86
41 2058.00 86.00 321 41
42 2147.00 1597.00 321 81
43 2800.00 2414.00 321 91
44 1692.00 32.00 321 8
45 415.00 479.00 321 65
46 87.00 2218.00 321 25
47 1372.00 3240.00 321 26
48 1233.00 3280.00 321 41
49 2548.00 2025.00 321 7
50 -66.00 3134.00 321 33
51 1432.00 1073.00 321 81
52 944.00 2932.00 321 74
53 2136.00 939.00 321 4
54 2800.00 1098.00 321 84
55 1731.00 325.00 321 66
56 1848.00 249.00 321 20
57 1663.00 1171.00 321 55
58 1448.00 1524.00 321 10
59 1850.00 327.00 321 68
60 2380.00 1524.00 321 40
61 596.00 2671.00 321 8
62 1699.00 2816.00 321 31
63 223.00 282.00 321 32
64 170.00 1471.00 321 87
65 2551.00 1756.00 321 83
66 165.00 2197.00 321 81
67 1710.00 233.00 321 34
68 1564.00 1871.00 321 26
69 1234.00 2963.00 321 23
70 2761.00 3332.00 321 51
71 2145.00 2354.00 321 85
72 270.00 3742.00 321 97
73 522.00 951.00 321 86
74 2338.00 2620.00 321 4
75 2266.00 730.00 321 67
76 926.00 2469.00 321 20
77 444.00 3036.00 321 48
78 2106.00 2992.00 321 89
79 283.00 1822.00 321 80
80 843.00 864.00 321 86
81 1489.00 3162.00 321 43
82 118.00 688.00 321 47
83 284.00 1783.00 321 27
84 2305.00 188.00 321 9
85 173.00 3143.00 321 98
86 91.00 51.00 321 79
87 318.00 2156.00 321 68
88 642.00 688.00 321 52
89 1624.00 3861.00 321 74
90 170.00 1131.00 321 55
91 806.00 107.00 321 72
92 2212.00 2699.00 321 64
93 1862.00 1402.00 321 6
94 318.00 2352.00 321 74
95 1951.00 1146.00 321 20
96 234.00 650.00 321 79
97 1391.00 1776.00 321 56
98 1488.00 1562.00 321 94
99 1932.00 2430.00 321 26
100 2543.00 497.00 321 50
101 1409.00 2370.00 321 69
102 150.00 244.00 321 65
103 2321.00 2355.00 321 13
104 277.00 2427.00 321 27
105 2658.00 733.00 321 75
106 1395.00 1192.00 321 94
107 2377.00 3212.00 321 33
108 1604.00 2355.00 321 8
109 2540.00 1398.00 321 60
110 1972.00 2201.00 321 95
111 2253.00 1463.00 321 70
112 475.00 1587.00 321 72
113 1622.00 1820.00 321 7
114 2524.00 54.00 321 52
115 1369.00 3317.00 321 81
116 1176.00 1870.00 321 53
117 1729.00 2913.00 321 46
118 1739.00 3184.00 321 100
119 86.00 1408.00 321 55
120 1603.00 2316.00 321 16
121 340.00 165.00 321 48
122 164.00 2430.00 321 87
123 1749.00 979.00 321 99
124 1337.00 733.00 321 58
125 2542.00 536.00 321 6
126 280.00 2563.00 321 90
127 1540.00 767.00 321 13
128 890.00 2276.00 321 84
129 1566.00 1290.00 321 100
130 2144.00 651.00 321 82
131 910.00 3440.00 321 39
132 1603.00 2427.00 321 29
133 212.00 3470.00 321 86
134 463.00 3200.00 321 58
135 1452.00 1289.00 321 75
136 1357.00 1251.00 321 53
137 280.00 2312.00 321 24
138 998.00 1339.00 321 73
139 347.00 3876.00 321 83
140 1750.00 1371.00 321 98
141 2375.00 3288.00 321 2
142 557.00 1521.00 321 51
143 1001.00 514.00 321 76
144 1059.00 3280.00 321 67
145 1652.00 450.00 321 8
146 2466.00 729.00 321 58
147 2105.00 2894.00 321 91
148 456.00 361.00 321 58
149 1584.00 3842.00 321 59
150 2732.00 2618.00 321 39
151 1911.00 2858.00 321 20
152 166.00 2869.00 321 64
153 1260.00 533.00 321 30
154 2206.00 1830.00 321 94
155 462.00 3316.00 321 38
156 2566.00 3386.00 321 96
157 2350.00 614.00 321 16
158 811.00 1481.00 321 19
159 1374.00 3358.00 321 1
160 1678.00 3280.00 321 67
161 414.00 2020.00 321 35
162 1047.00 534.00 321 59
163 1313.00 1783.00 321 54
164 525.00 650.00 321 19
165 2097.00 227.00 321 5
166 1488.00 3085.00 321 100
167 675.00 3279.00 321 1
168 1640.00 1658.00 321 69
169 2028.00 2433.00 321 40
170 863.00 2987.00 321 84
171 1409.00 1871.00 321 26
172 887.00 2201.00 321 20
173 732.00 3237.00 321 2
174 368.00 2160.00 321 53
175 1453.00 572.00 321 39
176 304.00 362.00 321 95
177 1852.00 2431.00 321 48
178 1984.00 3880.00 321 51
179 15.00 1678.00 321 57
180 484.00 2313.00 321 54
181 2567.00 3234.00 321 40
182 1749.00 1018.00 321 60
183 1988.00 2893.00 321 42
184 2148.00 1333.00 321 2
185 524.00 2745.00 321 90
186 598.00 1607.00 321 32
187 156.00 3203.00 321 58
188 2465.00 1471.00 321 39
189 164.00 2392.00 321 57
190 1292.00 1524.00 321 56
191 1548.00 366.00 321 4
192 270.00 3858.00 321 91
193 2800.00 1548.00 321 89
194 105.00 3295.00 321 88
195 1748.00 1213.00 321 75
196 2598.00 1314.00 321 100
197 463.00 3085.00 321 88
198 658.00 2239.00 321 96
199 597.00 2042.00 321 29
200 578.00 3144.00 321 69