3000 500
0 1336.00 1940.00
1 128.00 1132.00 321 31
2 2800.00 1698.00 321 82
3 844.00 130.00 321 5
4 1863.00 981.00 321 79
5 2791.00 231.00 321 26
6 1736.00 2963.00 321 89
7 2318.00 2165.00 321 83
8 2665.00 1728.00 321 96
9 164.00 2003.00 321 56
10 166.00 1587.00 321 25
11 165.00 2602.00 321 88
12 1987.00 3803.00 321 99
13 10.00 2834.00 321 19
14 127.00 1367.00 321 66
15 2377.00 3328.00 321 77
16 2761.00 731.00 321 93
17 1633.00 3901.00 321 46
18 1327.00 126.00 321 12
19 1391.00 1776.00 321 56
20 77.00 3778.00 321 22
21 281.00 1999.00 321 34
22 1046.00 650.00 321 86
23 636.00 2902.00 321 55
24 2571.00 270.00 321 32
25 1540.00 610.00 321 7
26 1487.00 3722.00 321 82
27 2202.00 1673.00 321 47
28 1944.00 130.00 321 65
29 703.00 3459.00 321 64
30 1856.00 734.00 321 44
31 1356.00 1406.00 321 65
32 1062.00 3647.00 321 20
33 1156.00 2240.00 321 46
34 78.00 3858.00 321 5
35 2145.00 2354.00 321 85
36 87.00 1169.00 321 7
37 1893.00 1348.00 321 83
38 129.00 1443.00 321 46
39 1083.00 1384.00 321 52
40 734.00 3844.00 321 95
41 1118.00 3870.00 321 88
42 2350.00 652.00 321 49
43 150.00 244.00 321 65
44 1668.00 2083.00 321 4
45 369.00 2392.00 321 83
46 1943.00 167.00 321 65
47 697.00 2630.00 321 31
48 50.00 1637.00 321 88
49 2321.00 2355.00 321 13
50 1565.00 1370.00 321 47
51 1786.00 2238.00 321 4
52 282.00 2640.00 321 42
53 1313.00 2156.00 321 66
54 2437.00 2505.00 321 47
55 33.00 167.00 321 9
56 204.00 2759.00 321 61
57 1795.00 3726.00 321 31
58 2336.00 2663.00 321 74
59 1488.00 2429.00 321 28
60 611.00 1716.00 321 8
61 1988.00 2857.00 321 97
62 636.00 2863.00 321 48
63 821.00 1298.00 321 32
64 732.00 3804.00 321 31
65 112.00 3663.00 321 98
66 1357.00 1368.00 321 85
67 850.00 3800.00 321 21
68 2058.00 248.00 321 66
69 475.00 979.00 321 87
70 890.00 848.00 321 17
71 1146.00 690.00 321 28
72 474.00 1549.00 321 54
73 170.00 1471.00 321 87
74 1334.00 533.00 321 64
75 313.00 801.00 321 32
76 1135.00 247.00 321 29
77 1697.00 3847.00 321 91
78 2107.00 3165.00 321 9
79 1538.00 534.00 321 9
80 1072.00 2198.00 321 41
81 281.00 1198.00 321 24
82 750.00 3708.00 321 4
83 438.00 1822.00 321 20
84 1911.00 2738.00 321 31
85 2467.00 765.00 321 79
86 2268.00 3813.00 321 37
87 166.00 979.00 321 84
88 -66.00 3134.00 321 33
89 1663.00 1171.00 321 55
90 950.00 919.00 321 16
91 87.00 1131.00 321 92
92 49.00 2334.00 321 73
93 2320.00 1557.00 321 34
94 1062.00 3730.00 321 16
95 273.00 3356.00 321 8
96 1493.00 3124.00 321 13
97 2319.00 2202.00 321 89
98 1910.00 3165.00 321 27
99 1370.00 3723.00 321 65
100 1989.00 3165.00 321 60
101 2028.00 2239.00 321 43
102 1450.00 1366.00 321 29
103 346.00 3643.00 321 73
104 64.00 453.00 321 99
105 879.00 1065.00 321 43
106 1912.00 3086.00 321 71
107 1197.00 2317.00 321 85
108 930.00 370.00 321 59
109 203.00 2877.00 321 78
110 112.00 3779.00 321 42
111 349.00 3432.00 321 59
112 1937.00 53.00 321 2
113 464.00 3278.00 321 15
114 2149.00 165.00 321 59
115 50.00 1754.00 321 24
116 943.00 3242.00 321 47
117 2321.00 1522.00 321 85
118 638.00 1455.00 321 99
119 1969.00 1677.00 321 50
120 204.00 2643.00 321 64
121 598.00 2707.00 321 3
122 2147.00 1831.00 321 3
123 2704.00 2317.00 321 86
124 1586.00 3341.00 321 33
125 2495.00 2665.00 321 92
126 1487.00 3643.00 321 6
127 1156.00 2278.00 321 26
128 1933.00 1642.00 321 70
129 2291.00 1221.00 321 79
130 1943.00 654.00 321 79
131 1490.00 2080.00 321 32
132 1329.00 83.00 321 92
133 1172.00 1330.00 321 15
134 524.00 283.00 321 9
135 641.00 1415.00 321 41
136 2166.00 3850.00 321 34
137 2228.00 76.00 321 57
138 1700.00 3302.00 321 4
139 602.00 953.00 321 35
140 2148.00 1333.00 321 2
141 320.00 2949.00 321 38
142 727.00 244.00 321 32
143 50.00 2294.00 321 92
144 2570.00 1004.00 321 42
145 1004.00 3059.00 321 5
146 320.00 1704.00 321 81
147 2187.00 426.00 321 16
148 958.00 690.00 321 81
149 14.00 1406.00 321 45
150 154.00 3162.00 321 3
151 1642.00 208.00 321 54
152 484.00 2552.00 321 75
153 2319.00 2396.00 321 36
154 321.00 1394.00 321 83
155 790.00 1523.00 321 66
156 1911.00 3278.00 321 22
157 339.00 124.00 321 11
158 1731.00 209.00 321 83
159 2106.00 3277.00 321 31
160 280.00 2679.00 321 8
161 1049.00 572.00 321 75
162 547.00 3010.00 321 67
163 523.00 245.00 321 100
164 2550.00 2591.00 321 98
165 1452.00 1252.00 321 84
166 1292.00 324.00 321 46
167 1570.00 1055.00 321 99
168 1912.00 3124.00 321 21
169 484.00 2098.00 321 38
170 2027.00 2317.00 321 77
171 1892.00 1636.00 321 80
172 1204.00 3783.00 321 66
173 1795.00 3129.00 321 18
174 2507.00 561.00 321 38
175 2494.00 1349.00 321 30
176 1369.00 3317.00 321 81
177 281.00 2278.00 321 63
178 313.00 767.00 321 51
179 932.00 883.00 321 67
180 318.00 2156.00 321 68
181 167.00 1901.00 321 44
182 186.00 164.00 321 13
183 1698.00 2894.00 321 61
184 1487.00 1871.00 321 8
185 1941.00 536.00 321 37
186 1796.00 2816.00 321 54
187 2297.00 2776.00 321 99
188 597.00 2516.00 321 38
189 964.00 2624.00 321 92
190 930.00 85.00 321 33
191 2263.00 1260.00 321 93
192 283.00 2600.00 321 78
193 636.00 3439.00 321 52
194 628.00 2998.00 321 98
195 1604.00 2272.00 321 43
196 730.00 359.00 321 84
197 1698.00 3605.00 321 2
198 2617.00 1195.00 321 99
199 1989.00 733.00 321 23
200 2617.00 1525.00 321 79
201 1252.00 206.00 321 90
202 2348.00 2396.00 321 70
203 2732.00 2491.00 321 45
204 1061.00 3568.00 321 71
205 1215.00 1523.00 321 69
206 2144.00 1677.00 321 96
207 598.00 2161.00 321 34
208 2286.00 885.00 321 51
209 2551.00 1717.00 321 67
210 49.00 1251.00 321 96
211 1333.00 885.00 321 58
212 1320.00 3201.00 321 91
213 2666.00 2470.00 321 62
214 2000.00 1205.00 321 24
215 272.00 3238.00 321 42
216 2491.00 1676.00 321 69
217 928.00 2048.00 321 73
218 282.00 1626.00 321 95
219 2763.00 3292.00 321 67
220 927.00 1618.00 321 17
221 2788.00 2167.00 321 86
222 349.00 3477.00 321 66
223 2660.00 500.00 321 83
224 674.00 3199.00 321 38
225 341.00 282.00 321 14
226 811.00 1642.00 321 21
227 2350.00 1075.00 321 66
228 1856.00 2123.00 321 6
229 947.00 2659.00 321 36
230 1428.00 2391.00 321 70
231 927.00 2276.00 321 90
232 2267.00 615.00 321 12
233 2548.00 2258.00 321 67
234 1757.00 2374.00 321 68
235 1259.00 648.00 321 80
236 521.00 2669.00 321 19
237 2227.00 108.00 321 78
238 2379.00 2749.00 321 80
239 655.00 2469.00 321 23
240 824.00 1104.00 321 46
241 2378.00 2663.00 321 79
242 320.00 1430.00 321 25
243 186.00 322.00 321 65
244 674.00 1908.00 321 72
245 2107.00 1327.00 321 56
246 773.00 2180.00 321 78
247 290.00 1972.00 321 58
248 2665.00 2586.00 321 73
249 2800.00 2221.00 321 55
250 905.00 1521.00 321 81
251 929.00 535.00 321 95
252 2864.00 3474.00 321 17
253 234.00 685.00 321 54
254 654.00 2430.00 321 18
255 1509.00 1206.00 321 76
256 1185.00 592.00 321 50
257 156.00 3791.00 321 69
258 1196.00 2392.00 321 24
259 803.00 2142.00 321 34
260 2761.00 2184.00 321 61
261 886.00 2315.00 321 25
262 2491.00 2942.00 321 37
263 1356.00 1172.00 321 84
264 212.00 745.00 321 37
265 88.00 2835.00 321 47
266 1157.00 3530.00 321 12
267 2060.00 691.00 321 10
268 1275.00 3199.00 321 22
269 848.00 3202.00 321 42
270 559.00 3604.00 321 11
271 2377.00 449.00 321 97
272 49.00 2564.00 321 79
273 1602.00 1871.00 321 76
274 1105.00 805.00 321 66
275 1487.00 2198.00 321 84
276 2148.00 848.00 321 71
277 2376.00 3136.00 321 95
278 1156.00 3801.00 321 98
279 1061.00 2850.00 321 83
280 1060.00 1909.00 321 4
281 10.00 2640.00 321 47
282 677.00 3320.00 321 13
283 946.00 2740.00 321 31
284 1142.00 729.00 321 65
285 1001.00 514.00 321 76
286 525.00 689.00 321 64
287 76.00 3624.00 321 56
288 318.00 2352.00 321 74
289 417.00 284.00 321 85
290 943.00 3530.00 321 75
291 1292.00 1524.00 321 56
292 281.00 1584.00 321 96
293 2702.00 1003.00 321 27
294 2798.00 3234.00 321 39
295 1582.00 3572.00 321 91
296 -23.00 1994.00 321 44
297 2150.00 534.00 321 44
298 1057.00 1172.00 321 85
299 1425.00 2493.00 321 86
300 2548.00 1524.00 321 42
301 1643.00 167.00 321 31
302 1452.00 805.00 321 4
303 2802.00 732.00 321 37
304 789.00 1872.00 321 13
305 2474.00 1953.00 321 77
306 2549.00 2473.00 321 32
307 1954.00 972.00 321 15
308 1585.00 2738.00 321 48
309 2799.00 1409.00 321 22
310 556.00 3164.00 321 29
311 946.00 3321.00 321 65
312 1517.00 2196.00 321 13
313 865.00 1522.00 321 2
314 2647.00 2711.00 321 73
315 1061.00 3682.00 321 94
316 165.00 2197.00 321 81
317 1911.00 3880.00 321 69
318 2375.00 3288.00 321 2
319 2641.00 411.00 321 97
320 357.00 3037.00 321 88
321 2515.00 3013.00 321 69
322 2542.00 808.00 321 9
323 1336.00 768.00 321 9
324 1705.00 3918.00 321 71
325 436.00 2437.00 321 1
326 51.00 1366.00 321 42
327 1357.00 1251.00 321 53
328 87.00 2258.00 321 5
329 1971.00 1521.00 321 19
330 2501.00 1342.00 321 86
331 12.00 1594.00 321 8
332 843.00 1399.00 321 96
333 414.00 2020.00 321 35
334 2628.00 1435.00 321 64
335 641.00 248.00 321 36
336 10.00 2137.00 321 99
337 1739.00 2779.00 321 85
338 595.00 2943.00 321 72
339 483.00 2939.00 321 56
340 2136.00 2641.00 321 78
341 1788.00 2120.00 321 1
342 90.00 2565.00 321 83
343 1567.00 1251.00 321 39
344 126.00 2334.00 321 55
345 205.00 2699.00 321 56
346 2567.00 3157.00 321 87
347 1932.00 2430.00 321 26
348 1158.00 3356.00 321 76
349 946.00 3843.00 321 18
350 1046.00 322.00 321 40
351 2466.00 574.00 321 77
352 1410.00 2102.00 321 8
353 1332.00 3792.00 321 60
354 88.00 2604.00 321 32
355 639.00 1145.00 321 51
356 2150.00 691.00 321 56
357 482.00 2824.00 321 84
358 -4.00 3873.00 321 23
359 1108.00 2912.00 321 80
360 1531.00 167.00 321 54
361 2378.00 2425.00 321 76
362 560.00 3437.00 321 27
363 1701.00 3223.00 321 37
364 299.00 941.00 321 8
365 1045.00 608.00 321 23
366 156.00 3355.00 321 93
367 1412.00 610.00 321 13
368 847.00 2736.00 321 46
369 154.00 3241.00 321 24
370 270.00 3742.00 321 97
371 997.00 1298.00 321 74
372 2406.00 2428.00 321 11
373 167.00 1820.00 321 27
374 2299.00 2700.00 321 10
375 2804.00 1450.00 321 83
376 88.00 2137.00 321 63
377 1622.00 3648.00 321 97
378 2801.00 1581.00 321 15
379 2144.00 651.00 321 82
380 90.00 2298.00 321 63
381 2454.00 2041.00 321 15
382 2800.00 1548.00 321 89
383 1047.00 847.00 321 6
384 2349.00 168.00 321 86
385 250.00 3220.00 321 20
386 2244.00 2450.00 321 9
387 601.00 575.00 321 71
388 2029.00 1599.00 321 40
389 166.00 2643.00 321 31
390 889.00 2159.00 321 46
391 2380.00 1433.00 321 35
392 187.00 1260.00 321 38
393 114.00 3585.00 321 65
394 1158.00 2118.00 321 17
395 397.00 524.00 321 99
396 1236.00 1135.00 321 68
397 635.00 2748.00 321 66
398 2540.00 877.00 321 18
399 640.00 766.00 321 53
400 880.00 1178.00 321 72
401 1128.00 633.00 321 92
402 2760.00 2105.00 321 38
403 2548.00 2064.00 321 84
404 2493.00 2786.00 321 9
405 1287.00 243.00 321 9
406 780.00 3424.00 321 95
407 54.00 48.00 321 33
408 235.00 1838.00 321 84
409 1528.00 126.00 321 63
410 2541.00 212.00 321 48
411 1651.00 3568.00 321 54
412 2539.00 1195.00 321 29
413 283.00 2794.00 321 40
414 1451.00 1324.00 321 5
415 2665.00 2139.00 321 13
416 212.00 3470.00 321 86
417 322.00 1162.00 321 56
418 1489.00 3162.00 321 43
419 2465.00 1158.00 321 94
420 270.00 3624.00 321 70
421 2062.00 538.00 321 27
422 995.00 1145.00 321 63
423 1093.00 1452.00 321 9
424 1450.00 1132.00 321 88
425 2790.00 271.00 321 39
426 2761.00 1446.00 321 60
427 33.00 323.00 321 37
428 734.00 3723.00 321 56
429 37.00 3547.00 321 29
430 656.00 2160.00 321 16
431 2683.00 3196.00 321 85
432 727.00 628.00 321 20
433 281.00 1395.00 321 14
434 2105.00 3764.00 321 54
435 1986.00 2707.00 321 87
436 1990.00 3088.00 321 73
437 125.00 1172.00 321 3
438 1477.00 2491.00 321 38
439 2543.00 170.00 321 29
440 2467.00 208.00 321 39
441 1046.00 689.00 321 46
442 1429.00 2198.00 321 77
443 704.00 2834.00 321 83
444 2264.00 1143.00 321 66
445 2761.00 1621.00 321 22
446 2299.00 2816.00 321 22
447 316.00 649.00 321 81
448 454.00 202.00 321 80
449 453.00 162.00 321 7
450 1352.00 2311.00 321 47
451 1652.00 575.00 321 15
452 1741.00 730.00 321 88
453 1761.00 449.00 321 11
454 2029.00 1680.00 321 82
455 674.00 3169.00 321 18
456 1411.00 1693.00 321 44
457 597.00 2393.00 321 18
458 1486.00 2703.00 321 61
459 1170.00 1408.00 321 64
460 281.00 1667.00 321 96
461 928.00 2354.00 321 79
462 1330.00 244.00 321 27
463 2028.00 1795.00 321 35
464 2147.00 1107.00 321 61
465 49.00 1404.00 321 29
466 1557.00 2215.00 321 4
467 49.00 2681.00 321 46
468 2699.00 3852.00 321 57
469 1409.00 1871.00 321 26
470 279.00 2527.00 321 72
471 2697.00 116.00 321 70
472 2059.00 732.00 321 31
473 2106.00 3416.00 321 28
474 639.00 2595.00 321 57
475 2606.00 3333.00 321 70
476 15.00 1210.00 321 58
477 521.00 2140.00 321 5
478 316.00 2640.00 321 52
479 2147.00 282.00 321 6
480 1604.00 2074.00 321 44
481 676.00 3122.00 321 67
482 1218.00 861.00 321 7
483 561.00 3879.00 321 57
484 1004.00 1636.00 321 92
485 2225.00 515.00 321 48
486 889.00 2045.00 321 69
487 2252.00 1521.00 321 70
488 869.00 2633.00 321 72
489 280.00 2161.00 321 37
490 2543.00 579.00 321 23
491 970.00 3018.00 321 47
492 596.00 2671.00 321 8
493 11.00 1793.00 321 82
494 1024.00 1869.00 321 51
495 50.00 2643.00 321 6
496 1669.00 2391.00 321 23
497 1585.00 2701.00 321 12
498 746.00 958.00 321 1
499 302.00 203.00 321 58
500 1061.00 3801.00 321 46
501 302.00 127.00 321 89
502 1135.00 280.00 321 84
503 50.00 1288.00 321 24
504 2111.00 466.00 321 93
505 1480.00 262.00 321 60
506 367.00 2238.00 321 21
507 2378.00 2022.00 321 51
508 260.00 1514.00 321 50
509 1848.00 249.00 321 20
510 2320.00 2316.00 321 16
511 106.00 972.00 321 15
512 1969.00 1795.00 321 88
513 1988.00 2934.00 321 67
514 262.00 436.00 321 50
515 86.00 2524.00 321 81
516 87.00 2489.00 321 41
517 437.00 532.00 321 78
518 1108.00 2815.00 321 12
519 2147.00 611.00 321 42
520 1759.00 1687.00 321 97
521 1336.00 612.00 321 6
522 155.00 3123.00 321 19
523 2466.00 323.00 321 15
524 1439.00 3046.00 321 100
525 1698.00 3379.00 321 47
526 1950.00 1068.00 321 7
527 2761.00 540.00 321 67
528 656.00 2011.00 321 18
529 367.00 2079.00 321 38
530 2199.00 2273.00 321 65
531 829.00 1870.00 321 99
532 655.00 2040.00 321 44
533 2792.00 384.00 321 42
534 1547.00 2699.00 321 78
535 521.00 1784.00 321 3
536 2781.00 3940.00 321 95
537 558.00 3685.00 321 5
538 16.00 1441.00 321 2
539 475.00 1316.00 321 29
540 342.00 243.00 321 58
541 1989.00 3317.00 321 32
542 2149.00 244.00 321 98
543 2465.00 1471.00 321 39
544 270.00 3858.00 321 91
545 1156.00 2200.00 321 36
546 657.00 2314.00 321 56
547 1988.00 3606.00 321 92
548 2658.00 134.00 321 69
549 2571.00 325.00 321 43
550 1449.00 1172.00 321 79
551 91.00 1058.00 321 74
552 2184.00 3201.00 321 54
553 2831.00 309.00 321 79
554 2290.00 2230.00 321 30
555 557.00 1872.00 321 65
556 127.00 1485.00 321 48
557 872.00 799.00 321 27
558 2310.00 1927.00 321 53
559 321.00 2910.00 321 66
560 1939.00 325.00 321 66
561 166.00 2911.00 321 3
562 467.00 475.00 321 84
563 91.00 2343.00 321 37
564 2300.00 3324.00 321 25
565 344.00 3087.00 321 78
566 434.00 1900.00 321 30
567 1494.00 2552.00 321 47
568 283.00 1822.00 321 80
569 2568.00 3119.00 321 97
570 127.00 2140.00 321 48
571 167.00 1550.00 321 16
572 2704.00 1437.00 321 61
573 319.00 1239.00 321 56
574 2473.00 1373.00 321 69
575 544.00 1038.00 321 64
576 1374.00 3358.00 321 1
577 561.00 3393.00 321 29
578 2305.00 188.00 321 9
579 947.00 3570.00 321 52
580 168.00 1858.00 321 24
581 1159.00 2854.00 321 60
582 2205.00 2197.00 321 92
583 1796.00 3647.00 321 45
584 1548.00 366.00 321 4
585 1910.00 2932.00 321 83
586 2493.00 1714.00 321 89
587 2350.00 827.00 321 28
588 2038.00 1281.00 321 90
589 476.00 1912.00 321 65
590 1275.00 2780.00 321 8
591 359.00 1964.00 321 23
592 167.00 1239.00 321 98
593 1485.00 3010.00 321 24
594 2492.00 1753.00 321 16
595 320.00 2757.00 321 62
596 1158.00 3201.00 321 6
597 2377.00 2468.00 321 30
598 126.00 2448.00 321 17
599 2544.00 288.00 321 13
600 1078.00 1154.00 321 61
601 825.00 1144.00 321 63
602 1158.00 3729.00 321 25
603 734.00 2851.00 321 4
604 2348.00 1307.00 321 27
605 484.00 185.00 321 9
606 281.00 2832.00 321 74
607 2761.00 2144.00 321 31
608 2298.00 3084.00 321 22
609 2145.00 1183.00 321 76
610 811.00 3858.00 321 3
611 1855.00 1794.00 321 47
612 2657.00 1159.00 321 90
613 1206.00 2489.00 321 94
614 1118.00 3794.00 321 23
615 1064.00 3162.00 321 32
616 1238.00 1408.00 321 66
617 1736.00 2719.00 321 42
618 1602.00 2079.00 321 95
619 1322.00 3260.00 321 95
620 473.00 3011.00 321 98
621 346.00 3317.00 321 24
622 48.00 2408.00 321 48
623 2800.00 2299.00 321 43
624 75.00 3546.00 321 70
625 2761.00 2297.00 321 70
626 733.00 3687.00 321 68
627 2265.00 689.00 321 48
628 888.00 2392.00 321 72
629 1464.00 1610.00 321 50
630 1429.00 2277.00 321 17
631 526.00 323.00 321 20
632 2149.00 323.00 321 2
633 236.00 885.00 321 84
634 10.00 1637.00 321 31
635 347.00 3876.00 321 83
636 2436.00 2729.00 321 21
637 1853.00 2023.00 321 31
638 1027.00 998.00 321 59
639 523.00 1337.00 321 39
640 1564.00 1871.00 321 26
641 1692.00 32.00 321 8
642 1163.00 2929.00 321 67
643 368.00 2039.00 321 19
644 2421.00 383.00 321 8
645 1653.00 692.00 321 16
646 2058.00 981.00 321 44
647 1750.00 1250.00 321 78
648 1540.00 767.00 321 13
649 850.00 3283.00 321 28
650 119.00 728.00 321 51
651 35.00 118.00 321 99
652 2552.00 1600.00 321 86
653 2495.00 2468.00 321 26
654 461.00 3685.00 321 26
655 1535.00 2668.00 321 87
656 2791.00 306.00 321 12
657 2667.00 1640.00 321 15
658 1252.00 3025.00 321 99
659 427.00 728.00 321 79
660 2028.00 1833.00 321 71
661 1539.00 573.00 321 25
662 2147.00 1597.00 321 81
663 1970.00 1754.00 321 48
664 1910.00 3649.00 321 19
665 2105.00 2933.00 321 84
666 194.00 3917.00 321 40
667 1856.00 770.00 321 61
668 945.00 3275.00 321 50
669 1225.00 83.00 321 23
670 367.00 823.00 321 99
671 2800.00 2337.00 321 64
672 438.00 1473.00 321 79
673 1583.00 3604.00 321 76
674 2543.00 847.00 321 29
675 320.00 1550.00 321 20
676 595.00 2900.00 321 38
677 1709.00 2429.00 321 23
678 2185.00 2853.00 321 21
679 732.00 3237.00 321 2
680 135.00 3510.00 321 71
681 926.00 2469.00 321 20
682 1941.00 246.00 321 79
683 1048.00 805.00 321 2
684 2667.00 1873.00 321 58
685 279.00 2236.00 321 100
686 2646.00 1486.00 321 4
687 2233.00 728.00 321 93
688 2661.00 701.00 321 84
689 1750.00 1371.00 321 98
690 1371.00 2740.00 321 24
691 2351.00 534.00 321 46
692 117.00 646.00 321 31
693 2379.00 2586.00 321 60
694 281.00 1550.00 321 54
695 1134.00 128.00 321 45
696 676.00 1751.00 321 54
697 2350.00 244.00 321 11
698 1631.00 3607.00 321 60
699 845.00 282.00 321 13
700 1090.00 425.00 321 88
701 2548.00 2025.00 321 7
702 2182.00 2778.00 321 90
703 1719.00 1525.00 321 50
704 2268.00 282.00 321 73
705 1139.00 1869.00 321 7
706 370.00 2351.00 321 100
707 2493.00 2061.00 321 66
708 1059.00 3763.00 321 3
709 929.00 286.00 321 92
710 2107.00 2740.00 321 39
711 2057.00 285.00 321 12
712 112.00 3699.00 321 99
713 1699.00 3723.00 321 15
714 509.00 3879.00 321 93
715 1394.00 2722.00 321 56
716 127.00 2642.00 321 15
717 2665.00 1601.00 321 59
718 164.00 2430.00 321 87
719 560.00 3839.00 321 67
720 1624.00 3107.00 321 8
721 280.00 2563.00 321 90
722 1482.00 302.00 321 49
723 1369.00 2857.00 321 78
724 2320.00 1673.00 321 68
725 1584.00 3417.00 321 97
726 1332.00 1523.00 321 26
727 268.00 3665.00 321 11
728 154.00 3314.00 321 72
729 2468.00 283.00 321 64
730 49.00 1135.00 321 39
731 273.00 571.00 321 62
732 2326.00 306.00 321 62
733 1643.00 249.00 321 67
734 2762.00 1853.00 321 68
735 1036.00 456.00 321 33
736 2303.00 72.00 321 6
737 1442.00 242.00 321 22
738 2799.00 1137.00 321 23
739 349.00 3124.00 321 84
740 319.00 2315.00 321 71
741 1132.00 162.00 321 19
742 965.00 459.00 321 88
743 2319.00 2430.00 321 64
744 640.00 361.00 321 11
745 370.00 725.00 321 86
746 1430.00 2082.00 321 48
747 637.00 2708.00 321 33
748 2183.00 3122.00 321 70
749 1556.00 2078.00 321 38
750 1390.00 2982.00 321 71
751 2801.00 2262.00 321 79
752 2666.00 1794.00 321 37
753 127.00 2796.00 321 54
754 322.00 1200.00 321 47
755 484.00 2671.00 321 53
756 1567.00 1405.00 321 72
757 1274.00 1560.00 321 14
758 1357.00 1068.00 321 9
759 475.00 1743.00 321 94
760 348.00 3798.00 321 89
761 1846.00 91.00 321 9
762 1584.00 3300.00 321 28
763 -68.00 3905.00 321 22
764 759.00 2718.00 321 52
765 281.00 1704.00 321 53
766 534.00 2179.00 321 68
767 1530.00 245.00 321 66
768 1786.00 2200.00 321 10
769 2525.00 1880.00 321 5
770 2723.00 943.00 321 81
771 2761.00 2983.00 321 34
772 463.00 3644.00 321 36
773 1631.00 1473.00 321 41
774 188.00 361.00 321 3
775 50.00 2757.00 321 11
776 954.00 1976.00 321 2
777 1660.00 1559.00 321 89
778 125.00 2258.00 321 79
779 675.00 1521.00 321 70
780 2542.00 1040.00 321 42
781 2550.00 1561.00 321 80
782 2187.00 2932.00 321 52
783 2167.00 3618.00 321 19
784 126.00 1250.00 321 63
785 890.00 2276.00 321 84
786 2037.00 410.00 321 44
787 634.00 1596.00 321 21
788 955.00 2023.00 321 73
789 2656.00 1042.00 321 2
790 2426.00 1358.00 321 39
791 324.00 3413.00 321 11
792 1632.00 3435.00 321 91
793 236.00 1541.00 321 44
794 2761.00 1775.00 321 26
795 2495.00 1830.00 321 71
796 35.00 3622.00 321 12
797 241.00 1433.00 321 7
798 1155.00 2472.00 321 88
799 2009.00 1433.00 321 5
800 34.00 362.00 321 22
801 680.00 2771.00 321 7
802 2105.00 2894.00 321 91
803 1836.00 1214.00 321 96
804 1253.00 91.00 321 32
805 882.00 1263.00 321 57
806 1343.00 2547.00 321 21
807 1453.00 572.00 321 39
808 2377.00 2177.00 321 82
809 2195.00 1378.00 321 89
810 1049.00 170.00 321 70
811 928.00 3742.00 321 55
812 2492.00 2825.00 321 80
813 1277.00 1193.00 321 47
814 87.00 2872.00 321 83
815 658.00 2123.00 321 82
816 128.00 2080.00 321 8
817 2149.00 1031.00 321 91
818 1855.00 2236.00 321 77
819 2659.00 772.00 321 54
820 455.00 1299.00 321 62
821 2144.00 2200.00 321 2
822 2191.00 66.00 321 56
823 368.00 2313.00 321 25
824 1951.00 896.00 321 30
825 165.00 2759.00 321 16
826 116.00 3819.00 321 37
827 2465.00 1232.00 321 63
828 2108.00 3123.00 321 83
829 233.00 50.00 321 49
830 1140.00 1523.00 321 38
831 2716.00 191.00 321 86
832 1700.00 3143.00 321 76
833 2799.00 3274.00 321 69
834 2744.00 18.00 321 17
835 2203.00 2014.00 321 77
836 2466.00 1075.00 321 24
837 889.00 883.00 321 84
838 2621.00 -5.00 321 46
839 1717.00 1291.00 321 27
840 925.00 765.00 321 52
841 129.00 2914.00 321 97
842 1487.00 2932.00 321 18
843 485.00 2903.00 321 91
844 464.00 3163.00 321 31
845 211.00 3514.00 321 11
846 861.00 2487.00 321 22
847 2204.00 1596.00 321 85
848 2567.00 3428.00 321 26
849 1062.00 3131.00 321 23
850 1698.00 3649.00 321 56
851 2548.00 2431.00 321 4
852 716.00 1842.00 321 23
853 2448.00 2624.00 321 4
854 2799.00 3085.00 321 78
855 681.00 164.00 321 57
856 1731.00 288.00 321 29
857 36.00 3856.00 321 67
858 2566.00 3310.00 321 72
859 319.00 2118.00 321 80
860 1372.00 3240.00 321 26
861 476.00 1121.00 321 11
862 811.00 1481.00 321 19
863 826.00 3821.00 321 31
864 34.00 632.00 321 61
865 163.00 2837.00 321 50
866 475.00 1587.00 321 72
867 2296.00 3205.00 321 39
868 365.00 2582.00 321 81
869 982.00 1521.00 321 14
870 1270.00 2334.00 321 56
871 2164.00 2576.00 321 43
872 1949.00 3605.00 321 28
873 165.00 2081.00 321 3
874 1548.00 2553.00 321 3
875 996.00 1393.00 321 56
876 1492.00 2393.00 321 77
877 2185.00 2738.00 321 30
878 2666.00 2626.00 321 52
879 1376.00 333.00 321 34
880 947.00 3725.00 321 57
881 1911.00 3318.00 321 57
882 2296.00 2738.00 321 57
883 1884.00 90.00 321 87
884 2376.00 2501.00 321 61
885 1697.00 3418.00 321 60
886 318.00 2428.00 321 26
887 525.00 166.00 321 56
888 598.00 2354.00 321 97
889 523.00 1377.00 321 64
890 127.00 1015.00 321 61
891 1159.00 3611.00 321 57
892 387.00 2554.00 321 99
893 149.00 166.00 321 74
894 1911.00 2528.00 321 15
895 523.00 766.00 321 12
896 848.00 3647.00 321 79
897 2657.00 1272.00 321 83
898 2792.00 35.00 321 48
899 2493.00 2547.00 321 25
900 1157.00 3880.00 321 99
901 2204.00 2043.00 321 43
902 204.00 2799.00 321 39
903 550.00 691.00 321 84
904 475.00 1473.00 321 13
905 2568.00 3079.00 321 34
906 1490.00 2121.00 321 67
907 1487.00 2351.00 321 46
908 1336.00 689.00 321 20
909 1854.00 2645.00 321 93
910 2377.00 3212.00 321 33
911 850.00 2854.00 321 26
912 2179.00 243.00 321 93
913 1158.00 3320.00 321 14
914 2494.00 2391.00 321 67
915 2760.00 1543.00 321 2
916 1967.00 1351.00 321 29
917 713.00 1570.00 321 24
918 2148.00 1063.00 321 89
919 2027.00 2354.00 321 14
920 1094.00 900.00 321 73
921 1458.00 2546.00 321 82
922 1097.00 3206.00 321 3
923 523.00 1256.00 321 55
924 1942.00 2277.00 321 48
925 2209.00 2813.00 321 27
926 125.00 2219.00 321 35
927 1950.00 1223.00 321 50
928 2761.00 578.00 321 45
929 10.00 2754.00 321 59
930 2458.00 392.00 321 78
931 457.00 320.00 321 13
932 2666.00 1755.00 321 40
933 475.00 1625.00 321 68
934 2050.00 812.00 321 87
935 1152.00 1270.00 321 72
936 1162.00 465.00 321 74
937 639.00 2673.00 321 36
938 819.00 3279.00 321 55
939 2712.00 3194.00 321 11
940 1732.00 449.00 321 86
941 478.00 1665.00 321 71
942 561.00 3724.00 321 20
943 301.00 244.00 321 63
944 1429.00 2160.00 321 47
945 2606.00 3290.00 321 26
946 1749.00 979.00 321 99
947 164.00 2392.00 321 57
948 283.00 1473.00 321 3
949 2319.00 2080.00 321 47
950 86.00 1408.00 321 55
951 2029.00 1872.00 321 68
952 204.00 2836.00 321 50
953 2605.00 3136.00 321 64
954 368.00 2001.00 321 20
955 946.00 3803.00 321 41
956 2352.00 89.00 321 95
957 397.00 3339.00 321 38
958 642.00 90.00 321 15
959 2378.00 168.00 321 33
960 1353.00 1326.00 321 78
961 2667.00 2394.00 321 92
962 2829.00 1237.00 321 89
963 2148.00 2080.00 321 14
964 559.00 3800.00 321 19
965 443.00 3519.00 321 77
966 2028.00 2202.00 321 96
967 2659.00 441.00 321 40
968 12.00 1134.00 321 79
969 1943.00 729.00 321 28
970 710.00 1301.00 321 97
971 478.00 1355.00 321 18
972 1456.00 1928.00 321 36
973 2059.00 615.00 321 98
974 930.00 804.00 321 19
975 2150.00 91.00 321 66
976 11.00 2292.00 321 33
977 17.00 2052.00 321 1
978 1651.00 653.00 321 7
979 37.00 3701.00 321 47
980 394.00 2750.00 321 35
981 318.00 1625.00 321 11
982 1173.00 1093.00 321 47
983 2791.00 191.00 321 62
984 1136.00 322.00 321 72
985 968.00 3425.00 321 92
986 1060.00 2894.00 321 27
987 1259.00 727.00 321 49
988 2150.00 129.00 321 80
989 120.00 882.00 321 12
990 405.00 3906.00 321 95
991 1260.00 533.00 321 30
992 2184.00 3277.00 321 16
993 233.00 764.00 321 62
994 1852.00 2431.00 321 48
995 2493.00 3170.00 321 84
996 1751.00 1409.00 321 80
997 751.00 1867.00 321 53
998 322.00 2080.00 321 76
999 2542.00 536.00 321 6
1000 657.00 2390.00 321 88
1001 1144.00 1009.00 321 16
1002 494.00 504.00 321 65
1003 2241.00 2062.00 321 61
1004 2103.00 3801.00 321 89
1005 2378.00 1558.00 321 25
1006 -47.00 512.00 321 32
1007 296.00 3558.00 321 96
1008 1795.00 3686.00 321 22
1009 1913.00 770.00 321 18
1010 1972.00 2201.00 321 95
1011 2761.00 1213.00 321 15
1012 1415.00 458.00 321 31
1013 843.00 864.00 321 86
1014 1402.00 574.00 321 14
1015 2175.00 3029.00 321 90
1016 2377.00 1870.00 321 17
1017 16.00 1095.00 321 55
1018 2134.00 1951.00 321 47
1019 2319.00 2277.00 321 6
1020 2494.00 3403.00 321 62
1021 2466.00 1038.00 321 72
1022 155.00 3665.00 321 12
1023 2687.00 2716.00 321 20
1024 1741.00 614.00 321 47
1025 272.00 522.00 321 89
1026 113.00 3858.00 321 39
1027 1329.00 284.00 321 21
1028 636.00 2631.00 321 17
1029 1884.00 2451.00 321 77
1030 1740.00 692.00 321 28
1031 1679.00 1484.00 321 76
1032 1727.00 1947.00 321 91
1033 2376.00 3095.00 321 64
1034 2264.00 1220.00 321 79
1035 2513.00 572.00 321 37
1036 1741.00 658.00 321 74
1037 1518.00 455.00 321 39
1038 167.00 1434.00 321 20
1039 732.00 2896.00 321 46
1040 1361.00 1626.00 321 54
1041 1339.00 453.00 321 27
1042 596.00 2787.00 321 75
1043 2321.00 1794.00 321 45
1044 2378.00 3368.00 321 33
1045 1912.00 2664.00 321 100
1046 164.00 2954.00 321 27
1047 2388.00 1209.00 321 82
1048 998.00 1339.00 321 73
1049 2261.00 1065.00 321 63
1050 675.00 3279.00 321 1
1051 90.00 1369.00 321 88
1052 2188.00 642.00 321 16
1053 1369.00 2701.00 321 8
1054 793.00 2081.00 321 90
1055 1787.00 2274.00 321 18
1056 1855.00 1678.00 321 72
1057 269.00 3197.00 321 62
1058 2495.00 2022.00 321 17
1059 1161.00 2509.00 321 55
1060 1911.00 3240.00 321 49
1061 2800.00 1292.00 321 17
1062 1384.00 806.00 321 27
1063 38.00 3941.00 321 65
1064 1912.00 2703.00 321 25
1065 1487.00 2274.00 321 38
1066 1651.00 534.00 321 54
1067 1366.00 265.00 321 58
1068 311.00 685.00 321 96
1069 2666.00 1560.00 321 69
1070 2538.00 248.00 321 28
1071 1699.00 3798.00 321 60
1072 13.00 1368.00 321 29
1073 2303.00 709.00 321 43
1074 10.00 1561.00 321 89
1075 1990.00 576.00 321 100
1076 52.00 493.00 321 56
1077 1253.00 1873.00 321 100
1078 33.00 126.00 321 84
1079 1795.00 3609.00 321 42
1080 849.00 3125.00 321 48
1081 2790.00 115.00 321 20
1082 910.00 3440.00 321 39
1083 933.00 127.00 321 19
1084 1797.00 2778.00 321 29
1085 933.00 321.00 321 45
1086 2205.00 2083.00 321 6
1087 729.00 166.00 321 34
1088 1053.00 1284.00 321 100
1089 845.00 826.00 321 23
1090 735.00 2814.00 321 61
1091 1809.00 182.00 321 61
1092 2792.00 75.00 321 35
1093 2830.00 40.00 321 98
1094 463.00 3085.00 321 88
1095 726.00 117.00 321 56
1096 186.00 203.00 321 94
1097 1372.00 3087.00 321 41
1098 1274.00 2490.00 321 8
1099 852.00 3757.00 321 71
1100 2548.00 2512.00 321 31
1101 2104.00 2855.00 321 52
1102 229.00 452.00 321 47
1103 1856.00 1756.00 321 15
1104 559.00 3125.00 321 1
1105 842.00 2583.00 321 80
1106 118.00 688.00 321 47
1107 1415.00 167.00 321 56
1108 2760.00 2338.00 321 86
1109 2251.00 1813.00 321 70
1110 1949.00 2553.00 321 12
1111 676.00 3877.00 321 77
1112 90.00 1292.00 321 60
1113 296.00 3743.00 321 61
1114 2541.00 1121.00 321 70
1115 1195.00 2278.00 321 63
1116 234.00 650.00 321 79
1117 1367.00 3882.00 321 6
1118 2143.00 2161.00 321 70
1119 2107.00 3242.00 321 21
1120 1864.00 1369.00 321 21
1121 2267.00 243.00 321 21
1122 2204.00 2430.00 321 38
1123 1370.00 1524.00 321 45
1124 2540.00 1079.00 321 36
1125 2800.00 654.00 321 68
1126 523.00 1103.00 321 31
1127 636.00 2944.00 321 29
1128 89.00 2643.00 321 66
1129 2058.00 209.00 321 35
1130 49.00 2874.00 321 39
1131 1354.00 1288.00 321 71
1132 2590.00 2333.00 321 90
1133 164.00 2799.00 321 31
1134 1756.00 1869.00 321 25
1135 1359.00 1214.00 321 14
1136 1442.00 127.00 321 11
1137 1795.00 3764.00 321 7
1138 2379.00 2137.00 321 62
1139 658.00 2239.00 321 96
1140 945.00 3359.00 321 70
1141 341.00 323.00 321 86
1142 2348.00 940.00 321 61
1143 729.00 130.00 321 49
1144 1717.00 1869.00 321 86
1145 1208.00 1406.00 321 11
1146 640.00 842.00 321 42
1147 2351.00 1040.00 321 55
1148 1949.00 3811.00 321 90
1149 1748.00 1213.00 321 75
1150 1083.00 2026.00 321 92
1151 600.00 2629.00 321 50
1152 394.00 3260.00 321 84
1153 1911.00 3201.00 321 2
1154 173.00 3143.00 321 98
1155 1298.00 531.00 321 29
1156 1991.00 187.00 321 29
1157 2348.00 1270.00 321 56
1158 521.00 729.00 321 50
1159 374.00 3609.00 321 78
1160 438.00 1665.00 321 84
1161 1158.00 3088.00 321 33
1162 1680.00 1870.00 321 94
1163 999.00 1181.00 321 72
1164 128.00 2373.00 321 76
1165 426.00 685.00 321 46
1166 635.00 2787.00 321 60
1167 1477.00 68.00 321 10
1168 2540.00 1272.00 321 44
1169 2800.00 460.00 321 94
1170 2658.00 733.00 321 75
1171 1728.00 2859.00 321 26
1172 34.00 372.00 321 10
1173 2145.00 1753.00 321 17
1174 2146.00 2434.00 321 26
1175 1797.00 2857.00 321 48
1176 1080.00 1693.00 321 32
1177 1695.00 3877.00 321 70
1178 131.00 1055.00 321 61
1179 2265.00 203.00 321 24
1180 2347.00 1152.00 321 21
1181 395.00 2952.00 321 92
1182 2348.00 125.00 321 57
1183 2801.00 2183.00 321 46
1184 2831.00 155.00 321 12
1185 2425.00 1394.00 321 89
1186 2462.00 1112.00 321 43
1187 1487.00 3528.00 321 93
1188 1312.00 3586.00 321 55
1189 2493.00 3210.00 321 25
1190 747.00 1358.00 321 78
1191 676.00 1821.00 321 33
1192 596.00 2122.00 321 30
1193 319.00 1664.00 321 52
1194 66.00 3215.00 321 45
1195 1941.00 771.00 321 100
1196 1986.00 3280.00 321 60
1197 129.00 1599.00 321 6
1198 1848.00 286.00 321 61
1199 153.00 3397.00 321 28
1200 1739.00 3184.00 321 100
1201 602.00 1394.00 321 22
1202 710.00 437.00 321 54
1203 1670.00 2200.00 321 20
1204 611.00 474.00 321 58
1205 1529.00 86.00 321 89
1206 11.00 1753.00 321 44
1207 2624.00 1273.00 321 87
1208 1238.00 1444.00 321 82
1209 50.00 2489.00 321 68
1210 53.00 1057.00 321 58
1211 1837.00 438.00 321 21
1212 435.00 1502.00 321 69
1213 2494.00 249.00 321 1
1214 64.00 3374.00 321 79
1215 2620.00 916.00 321 88
1216 1271.00 2701.00 321 81
1217 2799.00 3041.00 321 81
1218 36.00 3460.00 321 96
1219 300.00 163.00 321 78
1220 2568.00 3274.00 321 23
1221 128.00 1405.00 321 1
1222 347.00 3275.00 321 29
1223 1717.00 1484.00 321 90
1224 9.00 2524.00 321 60
1225 1172.00 1135.00 321 39
1226 127.00 2296.00 321 86
1227 1909.00 3357.00 321 32
1228 114.00 3898.00 321 78
1229 1186.00 3743.00 321 38
1230 521.00 2787.00 321 39
1231 2659.00 368.00 321 19
1232 2761.00 3369.00 321 67
1233 597.00 1521.00 321 85
1234 1171.00 1368.00 321 70
1235 1155.00 3166.00 321 44
1236 823.00 1181.00 321 33
1237 2378.00 3175.00 321 8
1238 2337.00 2703.00 321 75
1239 558.00 3766.00 321 82
1240 1970.00 2355.00 321 39
1241 635.00 2822.00 321 28
1242 270.00 3706.00 321 93
1243 1699.00 3069.00 321 71
1244 2865.00 3515.00 321 23
1245 706.00 1181.00 321 89
1246 1585.00 3146.00 321 92
1247 1584.00 3686.00 321 71
1248 1121.00 3105.00 321 81
1249 1279.00 1062.00 321 83
1250 1401.00 976.00 321 66
1251 13.00 1173.00 321 97
1252 2667.00 2104.00 321 89
1253 86.00 1248.00 321 8
1254 368.00 2275.00 321 74
1255 1144.00 573.00 321 3
1256 1226.00 2276.00 321 66
1257 674.00 3648.00 321 68
1258 462.00 3801.00 321 17
1259 2185.00 3356.00 321 52
1260 165.00 1360.00 321 10
1261 1062.00 3203.00 321 1
1262 1234.00 2182.00 321 10
1263 167.00 1781.00 321 25
1264 2703.00 1680.00 321 11
1265 882.00 1336.00 321 58
1266 1640.00 1525.00 321 33
1267 119.00 842.00 321 23
1268 154.00 3278.00 321 36
1269 2495.00 2288.00 321 47
1270 2801.00 1370.00 321 57
1271 461.00 3235.00 321 40
1272 309.00 724.00 321 40
1273 464.00 3434.00 321 4
1274 882.00 1102.00 321 88
1275 2598.00 1314.00 321 100
1276 169.00 1743.00 321 87
1277 1159.00 2738.00 321 68
1278 2493.00 1791.00 321 60
1279 50.00 1328.00 321 3
1280 2397.00 70.00 321 87
1281 2446.00 2769.00 321 63
1282 457.00 282.00 321 64
1283 1488.00 2776.00 321 14
1284 1094.00 1355.00 321 34
1285 848.00 1907.00 321 41
1286 2568.00 3466.00 321 78
1287 1588.00 3102.00 321 46
1288 1319.00 48.00 321 77
1289 77.00 3702.00 321 48
1290 2147.00 1716.00 321 46
1291 2146.00 2393.00 321 24
1292 2009.00 2576.00 321 100
1293 203.00 2602.00 321 28
1294 823.00 961.00 321 81
1295 164.00 2120.00 321 61
1296 2609.00 48.00 321 6
1297 2212.00 2699.00 321 64
1298 2350.00 322.00 321 13
1299 1970.00 2161.00 321 55
1300 127.00 2416.00 321 98
1301 843.00 166.00 321 12
1302 2036.00 3841.00 321 69
1303 436.00 1396.00 321 64
1304 2390.00 3550.00 321 93
1305 559.00 390.00 321 76
1306 2204.00 2239.00 321 49
1307 2495.00 941.00 321 24
1308 2230.00 2254.00 321 8
1309 1530.00 323.00 321 26
1310 657.00 2356.00 321 7
1311 2495.00 3368.00 321 87
1312 2144.00 1793.00 321 46
1313 436.00 1435.00 321 25
1314 484.00 2516.00 321 70
1315 1274.00 3879.00 321 39
1316 1757.00 1647.00 321 11
1317 2660.00 538.00 321 18
1318 1951.00 893.00 321 70
1319 2761.00 1293.00 321 27
1320 1234.00 2963.00 321 23
1321 1239.00 1288.00 321 84
1322 2173.00 1462.00 321 98
1323 1971.00 2082.00 321 38
1324 2130.00 803.00 321 63
1325 1954.00 1028.00 321 40
1326 1283.00 86.00 321 75
1327 1233.00 507.00 321 55
1328 490.00 3277.00 321 40
1329 1989.00 3357.00 321 35
1330 716.00 1899.00 321 20
1331 842.00 85.00 321 63
1332 2028.00 1318.00 321 10
1333 2657.00 248.00 321 95
1334 2146.00 2122.00 321 27
1335 51.00 1213.00 321 19
1336 2107.00 2095.00 321 79
1337 2831.00 1158.00 321 43
1338 881.00 971.00 321 91
1339 1603.00 2427.00 321 29
1340 598.00 2081.00 321 67
1341 1548.00 1832.00 321 7
1342 279.00 1061.00 321 93
1343 1563.00 1524.00 321 35
1344 312.00 465.00 321 69
1345 462.00 3316.00 321 38
1346 243.00 918.00 321 38
1347 282.00 1274.00 321 82
1348 166.00 2869.00 321 64
1349 1488.00 3357.00 321 27
1350 938.00 3441.00 321 13
1351 597.00 2278.00 321 32
1352 2714.00 2345.00 321 70
1353 932.00 651.00 321 95
1354 1913.00 2817.00 321 26
1355 12.00 666.00 321 66
1356 523.00 1454.00 321 8
1357 704.00 1102.00 321 55
1358 1256.00 1899.00 321 48
1359 2349.00 1232.00 321 6
1360 1157.00 2042.00 321 86
1361 1172.00 1292.00 321 24
1362 2759.00 1411.00 321 19
1363 396.00 976.00 321 50
1364 2029.00 2162.00 321 38
1365 676.00 3531.00 321 23
1366 946.00 2700.00 321 66
1367 2290.00 2585.00 321 4
1368 33.00 368.00 321 39
1369 2543.00 734.00 321 86
1370 562.00 3645.00 321 1
1371 270.00 3820.00 321 49
1372 1063.00 2816.00 321 58
1373 88.00 1445.00 321 17
1374 1598.00 1995.00 321 88
1375 2721.00 3147.00 321 18
1376 368.00 2160.00 321 53
1377 271.00 3916.00 321 29
1378 204.00 2316.00 321 75
1379 2801.00 538.00 321 85
1380 1022.00 1522.00 321 87
1381 436.00 1320.00 321 58
1382 214.00 951.00 321 84
1383 2350.00 727.00 321 88
1384 50.00 2525.00 321 5
1385 2184.00 2700.00 321 36
1386 1489.00 2813.00 321 4
1387 1604.00 2355.00 321 8
1388 10.00 2601.00 321 41
1389 2266.00 730.00 321 67
1390 2558.00 1214.00 321 96
1391 2320.00 1598.00 321 14
1392 463.00 3395.00 321 15
1393 1855.00 1717.00 321 66
1394 2321.00 1717.00 321 27
1395 164.00 2523.00 321 75
1396 657.00 2881.00 321 76
1397 1731.00 325.00 321 66
1398 128.00 1753.00 321 77
1399 2800.00 772.00 321 88
1400 2667.00 2064.00 321 27
1401 50.00 1673.00 321 59
1402 1781.00 128.00 321 66
1403 1337.00 493.00 321 63
1404 1797.00 3163.00 321 93
1405 929.00 2429.00 321 90
1406 734.00 2932.00 321 88
1407 1118.00 3501.00 321 100
1408 1451.00 765.00 321 3
1409 50.00 1483.00 321 73
1410 1668.00 2003.00 321 40
1411 1788.00 2045.00 321 8
1412 87.00 2679.00 321 11
1413 2203.00 2391.00 321 63
1414 947.00 3761.00 321 32
1415 387.00 781.00 321 19
1416 1697.00 2664.00 321 2
1417 1825.00 731.00 321 96
1418 886.00 2241.00 321 59
1419 2494.00 245.00 321 82
1420 1989.00 3685.00 321 41
1421 1379.00 2550.00 321 2
1422 732.00 3767.00 321 4
1423 1866.00 1099.00 321 27
1424 558.00 3240.00 321 50
1425 88.00 1712.00 321 65
1426 2028.00 2433.00 321 40
1427 2146.00 1377.00 321 70
1428 1605.00 1190.00 321 46
1429 1198.00 2357.00 321 56
1430 111.00 168.00 321 43
1431 1250.00 245.00 321 75
1432 1221.00 648.00 321 55
1433 830.00 1765.00 321 98
1434 780.00 3572.00 321 90
1435 596.00 2748.00 321 70
1436 2800.00 1098.00 321 84
1437 2657.00 1236.00 321 37
1438 462.00 3122.00 321 89
1439 1448.00 1524.00 321 10
1440 2492.00 3286.00 321 61
1441 128.00 2489.00 321 63
1442 1586.00 2894.00 321 65
1443 280.00 2312.00 321 24
1444 2830.00 347.00 321 43
1445 2466.00 1269.00 321 29
1446 728.00 86.00 321 34
1447 560.00 1646.00 321 76
1448 1866.00 1251.00 321 54
1449 1199.00 2079.00 321 56
1450 2240.00 341.00 321 68
1451 2492.00 2865.00 321 28
1452 1178.00 1813.00 321 77
1453 784.00 30.00 321 19
1454 628.00 1762.00 321 25
1455 1742.00 766.00 321 68
1456 347.00 3201.00 321 49
1457 598.00 2551.00 321 96
1458 2529.00 1003.00 321 59
1459 1832.00 3339.00 321 54
1460 1601.00 1522.00 321 100
1461 1442.00 282.00 321 28
1462 689.00 2693.00 321 54
1463 826.00 440.00 321 84
1464 436.00 1087.00 321 30
1465 2467.00 540.00 321 88
1466 270.00 3124.00 321 49
1467 1174.00 942.00 321 53
1468 2074.00 1299.00 321 80
1469 2206.00 1753.00 321 75
1470 2568.00 3037.00 321 1
1471 1984.00 3880.00 321 51
1472 1795.00 2892.00 321 58
1473 15.00 1714.00 321 33
1474 1970.00 1643.00 321 97
1475 2761.00 2903.00 321 45
1476 2761.00 1698.00 321 17
1477 2036.00 3318.00 321 54
1478 521.00 2941.00 321 6
1479 805.00 594.00 321 97
1480 769.00 1906.00 321 89
1481 1866.00 1055.00 321 57
1482 126.00 2607.00 321 8
1483 947.00 1522.00 321 11
1484 2512.00 1436.00 321 2
1485 599.00 1908.00 321 94
1486 1651.00 770.00 321 85
1487 932.00 163.00 321 25
1488 90.00 2806.00 321 49
1489 888.00 2353.00 321 77
1490 2761.00 808.00 321 64
1491 1580.00 3722.00 321 53
1492 640.00 3271.00 321 97
1493 2830.00 114.00 321 58
1494 428.00 768.00 321 8
1495 2466.00 613.00 321 8
1496 675.00 3571.00 321 90
1497 1453.00 455.00 321 2
1498 1218.00 1872.00 321 20
1499 512.00 2040.00 321 23
1500 2378.00 1830.00 321 60
1501 282.00 2717.00 321 17
1502 1601.00 2237.00 321 17
1503 475.00 1162.00 321 2
1504 318.00 2870.00 321 85
1505 1542.00 891.00 321 29
1506 1047.00 534.00 321 59
1507 1452.00 1056.00 321 51
1508 124.00 2834.00 321 63
1509 23.00 968.00 321 76
1510 16.00 2962.00 321 62
1511 1174.00 996.00 321 96
1512 50.00 2137.00 321 100
1513 12.00 1249.00 321 50
1514 1396.00 68.00 321 48
1515 803.00 1085.00 321 58
1516 791.00 2779.00 321 40
1517 1929.00 2236.00 321 96
1518 120.00 805.00 321 71
1519 14.00 1521.00 321 78
1520 2068.00 1142.00 321 92
1521 322.00 48.00 321 97
1522 1700.00 3109.00 321 48
1523 1850.00 327.00 321 68
1524 1062.00 3357.00 321 6
1525 2762.00 2676.00 321 68
1526 1452.00 844.00 321 56
1527 366.00 604.00 321 17
1528 1142.00 804.00 321 66
1529 1951.00 1257.00 321 80
1530 2261.00 1026.00 321 87
1531 2762.00 1737.00 321 4
1532 882.00 1143.00 321 61
1533 89.00 1017.00 321 25
1534 89.00 1097.00 321 58
1535 2378.00 1789.00 321 37
1536 503.00 2002.00 321 17
1537 1051.00 1481.00 321 80
1538 2128.00 807.00 321 34
1539 2261.00 1296.00 321 34
1540 2666.00 2508.00 321 20
1541 929.00 846.00 321 18
1542 2203.00 1521.00 321 44
1543 1574.00 1596.00 321 6
1544 1176.00 1870.00 321 53
1545 1929.00 3049.00 321 64
1546 1085.00 928.00 321 17
1547 2604.00 2905.00 321 43
1548 1170.00 1251.00 321 69
1549 2551.00 1798.00 321 94
1550 2067.00 1107.00 321 14
1551 511.00 3840.00 321 82
1552 2801.00 1178.00 321 29
1553 426.00 2198.00 321 55
1554 434.00 1587.00 321 19
1555 1286.00 2635.00 321 69
1556 850.00 3242.00 321 33
1557 136.00 3468.00 321 98
1558 1701.00 3339.00 321 8
1559 2800.00 3464.00 321 56
1560 1669.00 2274.00 321 24
1561 1969.00 2278.00 321 3
1562 113.00 3610.00 321 24
1563 1584.00 2777.00 321 8
1564 1160.00 3645.00 321 43
1565 1920.00 1563.00 321 84
1566 2105.00 3201.00 321 14
1567 2205.00 2602.00 321 88
1568 1095.00 1424.00 321 71
1569 1370.00 3528.00 321 62
1570 2454.00 3444.00 321 100
1571 2761.00 1659.00 321 52
1572 733.00 3020.00 321 15
1573 107.00 3256.00 321 35
1574 1191.00 2576.00 321 92
1575 2760.00 2259.00 321 14
1576 1430.00 2238.00 321 13
1577 1581.00 2852.00 321 44
1578 2799.00 3427.00 321 53
1579 2261.00 1922.00 321 31
1580 2048.00 1950.00 321 88
1581 1697.00 3568.00 321 88
1582 89.00 2449.00 321 56
1583 928.00 2200.00 321 34
1584 925.00 2241.00 321 47
1585 1605.00 2494.00 321 27
1586 641.00 1179.00 321 95
1587 2659.00 94.00 321 26
1588 1856.00 1562.00 321 48
1589 2376.00 2943.00 321 26
1590 463.00 3200.00 321 58
1591 347.00 3397.00 321 49
1592 2495.00 2623.00 321 74
1593 1855.00 576.00 321 22
1594 123.00 1327.00 321 71
1595 1005.00 2681.00 321 3
1596 396.00 3418.00 321 1
1597 904.00 264.00 321 86
1598 2801.00 499.00 321 68
1599 252.00 3529.00 321 79
1600 1971.00 1087.00 321 84
1601 477.00 1241.00 321 14
1602 1796.00 3243.00 321 16
1603 904.00 3793.00 321 93
1604 733.00 3880.00 321 5
1605 2068.00 1182.00 321 51
1606 1452.00 534.00 321 7
1607 542.00 2099.00 321 55
1608 1197.00 2119.00 321 21
1609 1930.00 3049.00 321 22
1610 2058.00 328.00 321 91
1611 11.00 2682.00 321 32
1612 1452.00 1406.00 321 71
1613 189.00 246.00 321 100
1614 1797.00 2529.00 321 97
1615 2349.00 1192.00 321 86
1616 2106.00 2819.00 321 51
1617 424.00 3687.00 321 19
1618 1119.00 2573.00 321 40
1619 2299.00 3125.00 321 4
1620 641.00 805.00 321 18
1621 155.00 3822.00 321 18
1622 773.00 1307.00 321 85
1623 1102.00 1171.00 321 44
1624 2015.00 3881.00 321 50
1625 1699.00 1744.00 321 98
1626 2475.00 833.00 321 93
1627 1254.00 324.00 321 7
1628 641.00 285.00 321 71
1629 216.00 1181.00 321 46
1630 883.00 1927.00 321 1
1631 281.00 1161.00 321 24
1632 464.00 3355.00 321 57
1633 520.00 3760.00 321 92
1634 1142.00 529.00 321 62
1635 1949.00 3888.00 321 92
1636 998.00 1104.00 321 54
1637 2206.00 1830.00 321 94
1638 521.00 2823.00 321 85
1639 1047.00 125.00 321 50
1640 1012.00 2100.00 321 27
1641 1913.00 1787.00 321 7
1642 1158.00 2081.00 321 99
1643 320.00 1471.00 321 69
1644 11.00 2563.00 321 95
1645 205.00 2721.00 321 46
1646 2377.00 3251.00 321 34
1647 1785.00 2431.00 321 3
1648 1660.00 1089.00 321 68
1649 1457.00 2775.00 321 92
1650 415.00 479.00 321 65
1651 1488.00 2735.00 321 61
1652 1911.00 2858.00 321 20
1653 1576.00 708.00 321 71
1654 609.00 3940.00 321 57
1655 113.00 3624.00 321 60
1656 2800.00 2067.00 321 18
1657 1567.00 1322.00 321 96
1658 2549.00 2180.00 321 18
1659 1944.00 614.00 321 4
1660 600.00 2239.00 321 26
1661 1583.00 2933.00 321 63
1662 1896.00 365.00 321 43
1663 1990.00 3244.00 321 22
1664 1051.00 88.00 321 47
1665 1696.00 3041.00 321 56
1666 750.00 2159.00 321 43
1667 1294.00 3421.00 321 54
1668 204.00 2274.00 321 95
1669 385.00 2524.00 321 6
1670 2540.00 1156.00 321 44
1671 1060.00 1522.00 321 45
1672 484.00 2313.00 321 54
1673 2800.00 1216.00 321 50
1674 1272.00 2961.00 321 43
1675 2097.00 227.00 321 5
1676 246.00 1373.00 321 53
1677 78.00 1990.00 321 7
1678 2295.00 3280.00 321 18
1679 346.00 1899.00 321 12
1680 523.00 1183.00 321 22
1681 1911.00 3570.00 321 88
1682 2645.00 2984.00 321 54
1683 1855.00 2083.00 321 80
1684 92.00 2420.00 321 42
1685 1044.00 206.00 321 92
1686 147.00 322.00 321 55
1687 37.00 3780.00 321 34
1688 638.00 1256.00 321 52
1689 1854.00 2160.00 321 47
1690 1272.00 3722.00 321 1
1691 641.00 883.00 321 83
1692 534.00 473.00 321 79
1693 639.00 1298.00 321 66
1694 1452.00 880.00 321 16
1695 2494.00 2218.00 321 33
1696 1449.00 1093.00 321 72
1697 1911.00 2779.00 321 68
1698 849.00 2665.00 321 69
1699 1848.00 211.00 321 90
1700 1074.00 727.00 321 41
1701 272.00 3161.00 321 94
1702 1260.00 571.00 321 68
1703 367.00 2118.00 321 95
1704 1853.00 1952.00 321 88
1705 927.00 2159.00 321 88
1706 1224.00 3184.00 321 85
1707 640.00 1375.00 321 69
1708 1735.00 170.00 321 98
1709 348.00 3547.00 321 47
1710 808.00 3237.00 321 88
1711 1584.00 3648.00 321 32
1712 2068.00 1259.00 321 90
1713 1412.00 1054.00 321 79
1714 863.00 2987.00 321 84
1715 13.00 2378.00 321 67
1716 1584.00 3842.00 321 59
1717 1750.00 1059.00 321 40
1718 848.00 2775.00 321 6
1719 2267.00 325.00 321 26
1720 948.00 1909.00 321 38
1721 337.00 1933.00 321 44
1722 242.00 3377.00 321 35
1723 1749.00 1138.00 321 57
1724 597.00 2042.00 321 29
1725 2105.00 2775.00 321 51
1726 1046.00 730.00 321 72
1727 2733.00 2374.00 321 76
1728 1273.00 3239.00 321 77
1729 2540.00 1358.00 321 7
1730 158.00 670.00 321 90
1731 713.00 1872.00 321 9
1732 2760.00 2066.00 321 22
1733 462.00 3721.00 321 58
1734 186.00 285.00 321 37
1735 2798.00 3563.00 321 51
1736 945.00 3203.00 321 20
1737 1429.00 2427.00 321 47
1738 2468.00 467.00 321 2
1739 947.00 2815.00 321 16
1740 475.00 1706.00 321 45
1741 186.00 128.00 321 86
1742 148.00 358.00 321 58
1743 2799.00 2143.00 321 73
1744 2218.00 303.00 321 76
1745 1159.00 3242.00 321 14
1746 2800.00 3083.00 321 65
1747 213.00 3824.00 321 74
1748 598.00 2432.00 321 59
1749 2182.00 3081.00 321 57
1750 378.00 1551.00 321 16
1751 2186.00 2136.00 321 58
1752 167.00 1315.00 321 84
1753 931.00 570.00 321 87
1754 1251.00 128.00 321 95
1755 1329.00 166.00 321 60
1756 2492.00 1634.00 321 4
1757 674.00 3802.00 321 63
1758 1134.00 204.00 321 42
1759 105.00 3295.00 321 88
1760 2058.00 86.00 321 41
1761 1739.00 1773.00 321 70
1762 1440.00 321.00 321 60
1763 1333.00 1872.00 321 79
1764 1699.00 3260.00 321 80
1765 1313.00 1783.00 321 54
1766 1050.00 2507.00 321 44
1767 127.00 2564.00 321 1
1768 1671.00 3463.00 321 85
1769 2318.00 1638.00 321 15
1770 126.00 2720.00 321 59
1771 1370.00 1594.00 321 11
1772 1787.00 2085.00 321 20
1773 281.00 1355.00 321 20
1774 806.00 107.00 321 72
1775 1160.00 2393.00 321 72
1776 2378.00 1597.00 321 77
1777 598.00 2592.00 321 76
1778 271.00 3318.00 321 18
1779 2543.00 691.00 321 74
1780 1356.00 1130.00 321 74
1781 442.00 3919.00 321 68
1782 1622.00 1820.00 321 7
1783 1586.00 1232.00 321 56
1784 2465.00 90.00 321 39
1785 1871.00 2526.00 321 13
1786 2763.00 1330.00 321 37
1787 2388.00 942.00 321 75
1788 822.00 1356.00 321 66
1789 2322.00 1755.00 321 7
1790 2385.00 3695.00 321 5
1791 1594.00 2544.00 321 26
1792 672.00 3609.00 321 60
1793 1106.00 127.00 321 8
1794 825.00 1261.00 321 96
1795 235.00 843.00 321 63
1796 2465.00 129.00 321 38
1797 2184.00 3163.00 321 9
1798 2010.00 488.00 321 89
1799 1486.00 3596.00 321 8
1800 1654.00 730.00 321 78
1801 522.00 951.00 321 86
1802 51.00 1175.00 321 33
1803 282.00 2869.00 321 66
1804 435.00 2373.00 321 91
1805 828.00 1065.00 321 69
1806 843.00 322.00 321 71
1807 2666.00 2328.00 321 37
1808 444.00 3036.00 321 48
1809 607.00 3341.00 321 58
1810 2550.00 1640.00 321 30
1811 2028.00 1719.00 321 35
1812 463.00 2277.00 321 100
1813 1258.00 804.00 321 9
1814 945.00 1870.00 321 41
1815 1669.00 2161.00 321 25
1816 347.00 3511.00 321 32
1817 1584.00 3258.00 321 21
1818 1989.00 3419.00 321 58
1819 31.00 364.00 321 17
1820 1652.00 614.00 321 87
1821 597.00 3533.00 321 9
1822 280.00 2910.00 321 50
1823 824.00 1976.00 321 65
1824 674.00 3086.00 321 52
1825 1158.00 3569.00 321 59
1826 1547.00 3703.00 321 24
1827 2183.00 2661.00 321 93
1828 1031.00 3009.00 321 29
1829 2265.00 1375.00 321 57
1830 1337.00 733.00 321 58
1831 2061.00 131.00 321 83
1832 559.00 3568.00 321 8
1833 1584.00 3764.00 321 34
1834 280.00 2392.00 321 95
1835 1710.00 233.00 321 34
1836 2095.00 2229.00 321 5
1837 1453.00 731.00 321 95
1838 1642.00 1902.00 321 82
1839 2529.00 2979.00 321 72
1840 1488.00 2893.00 321 8
1841 1432.00 2369.00 321 32
1842 984.00 1898.00 321 10
1843 1696.00 3765.00 321 11
1844 2009.00 2622.00 321 81
1845 1428.00 2007.00 321 7
1846 2262.00 571.00 321 37
1847 12.00 2178.00 321 23
1848 848.00 2891.00 321 75
1849 280.00 2195.00 321 45
1850 1845.00 826.00 321 39
1851 2830.00 77.00 321 76
1852 2665.00 2220.00 321 27
1853 1239.00 1174.00 321 1
1854 2543.00 131.00 321 19
1855 1175.00 1522.00 321 75
1856 1787.00 2316.00 321 41
1857 2800.00 694.00 321 38
1858 1362.00 2602.00 321 47
1859 103.00 3159.00 321 79
1860 2800.00 2414.00 321 91
1861 1736.00 537.00 321 96
1862 559.00 3279.00 321 54
1863 2146.00 1870.00 321 56
1864 2665.00 2254.00 321 1
1865 675.00 3684.00 321 66
1866 997.00 1222.00 321 62
1867 850.00 3878.00 321 60
1868 2146.00 1219.00 321 79
1869 1454.00 1210.00 321 33
1870 2377.00 2981.00 321 55
1871 2376.00 1637.00 321 83
1872 464.00 3606.00 321 80
1873 149.00 207.00 321 41
1874 1910.00 3686.00 321 75
1875 1452.00 1289.00 321 75
1876 483.00 2707.00 321 33
1877 2267.00 767.00 321 27
1878 319.00 2199.00 321 67
1879 2606.00 3368.00 321 18
1880 2029.00 2275.00 321 9
1881 2377.00 2099.00 321 77
1882 2545.00 92.00 321 62
1883 844.00 206.00 321 18
1884 231.00 2490.00 321 23
1885 1970.00 2239.00 321 32
1886 415.00 2292.00 321 70
1887 89.00 2757.00 321 7
1888 156.00 3203.00 321 58
1889 2104.00 3684.00 321 67
1890 782.00 653.00 321 3
1891 1273.00 2933.00 321 12
1892 2252.00 2739.00 321 93
1893 1182.00 339.00 321 16
1894 1679.00 1696.00 321 17
1895 1334.00 1754.00 321 28
1896 2800.00 1738.00 321 69
1897 1526.00 1870.00 321 96
1898 2352.00 574.00 321 3
1899 435.00 1357.00 321 40
1900 1157.00 2003.00 321 51
1901 1586.00 3878.00 321 7
1902 1003.00 3426.00 321 9
1903 831.00 2503.00 321 78
1904 1857.00 540.00 321 34
1905 321.00 1590.00 321 9
1906 1903.00 516.00 321 100
1907 2801.00 946.00 321 57
1908 1102.00 1910.00 321 54
1909 2799.00 3195.00 321 48
1910 657.00 2274.00 321 77
1911 1336.00 650.00 321 55
1912 10.00 2411.00 321 37
1913 1343.00 3049.00 321 74
1914 888.00 2120.00 321 81
1915 1847.00 904.00 321 42
1916 478.00 1394.00 321 32
1917 1949.00 3647.00 321 28
1918 2115.00 2584.00 321 52
1919 2657.00 1314.00 321 79
1920 2761.00 2372.00 321 85
1921 1259.00 765.00 321 43
1922 1533.00 647.00 321 37
1923 1930.00 2024.00 321 33
1924 2623.00 3945.00 321 10
1925 1699.00 3183.00 321 48
1926 847.00 2929.00 321 64
1927 1854.00 2201.00 321 5
1928 2549.00 1832.00 321 28
1929 2800.00 1781.00 321 84
1930 1988.00 3203.00 321 38
1931 1329.00 204.00 321 9
1932 672.00 3241.00 321 22
1933 2436.00 1431.00 321 19
1934 808.00 3444.00 321 26
1935 89.00 2718.00 321 89
1936 131.00 1560.00 321 65
1937 889.00 2509.00 321 11
1938 897.00 3859.00 321 28
1939 1064.00 2739.00 321 96
1940 1795.00 3088.00 321 63
1941 2266.00 534.00 321 20
1942 2350.00 614.00 321 16
1943 277.00 2427.00 321 27
1944 1731.00 251.00 321 32
1945 1475.00 1984.00 321 40
1946 887.00 2201.00 321 20
1947 882.00 166.00 321 38
1948 596.00 1871.00 321 67
1949 675.00 3726.00 321 44
1950 1666.00 2430.00 321 40
1951 2798.00 3312.00 321 7
1952 247.00 382.00 321 38
1953 2540.00 1398.00 321 60
1954 2178.00 611.00 321 53
1955 933.00 726.00 321 82
1956 1868.00 1174.00 321 31
1957 87.00 2218.00 321 25
1958 1448.00 1873.00 321 87
1959 1794.00 3571.00 321 98
1960 2694.00 2221.00 321 54
1961 509.00 3800.00 321 66
1962 2763.00 656.00 321 16
1963 2643.00 2906.00 321 56
1964 319.00 2394.00 321 88
1965 1257.00 689.00 321 29
1966 2349.00 286.00 321 28
1967 1601.00 3205.00 321 73
1968 1732.00 91.00 321 34
1969 367.00 2197.00 321 78
1970 2831.00 269.00 321 17
1971 520.00 2709.00 321 75
1972 233.00 802.00 321 83
1973 1986.00 3841.00 321 50
1974 2045.00 3389.00 321 74
1975 127.00 2180.00 321 79
1976 1063.00 2701.00 321 32
1977 1275.00 3085.00 321 55
1978 847.00 2813.00 321 35
1979 2492.00 2138.00 321 21
1980 1563.00 1899.00 321 75
1981 1870.00 3782.00 321 82
1982 760.00 3319.00 321 11
1983 726.00 287.00 321 28
1984 454.00 603.00 321 84
1985 1279.00 990.00 321 1
1986 884.00 88.00 321 7
1987 204.00 2428.00 321 55
1988 1749.00 1018.00 321 60
1989 2263.00 1182.00 321 79
1990 2493.00 1601.00 321 70
1991 2649.00 25.00 321 36
1992 1583.00 3801.00 321 46
1993 2698.00 39.00 321 5
1994 2551.00 1756.00 321 83
1995 2377.00 2388.00 321 55
1996 2145.00 2316.00 321 16
1997 2319.00 2238.00 321 36
1998 1248.00 2241.00 321 13
1999 2643.00 1484.00 321 47
2000 438.00 1160.00 321 57
2001 2493.00 2100.00 321 80
2002 1274.00 3528.00 321 15
2003 2106.00 2992.00 321 89
2004 1680.00 2515.00 321 29
2005 1640.00 1658.00 321 69
2006 2406.00 207.00 321 65
2007 1848.00 132.00 321 24
2008 523.00 1296.00 321 51
2009 282.00 1860.00 321 15
2010 1797.00 2934.00 321 50
2011 2800.00 2411.00 321 22
2012 1047.00 887.00 321 82
2013 484.00 2748.00 321 8
2014 -61.00 801.00 321 56
2015 1748.00 1175.00 321 40
2016 2549.00 2103.00 321 40
2017 1161.00 2815.00 321 83
2018 1392.00 3504.00 321 18
2019 1254.00 283.00 321 70
2020 154.00 3707.00 321 46
2021 1661.00 3889.00 321 82
2022 1408.00 1523.00 321 17
2023 1100.00 1872.00 321 2
2024 21.00 1882.00 321 34
2025 1159.00 2700.00 321 58
2026 735.00 2741.00 321 80
2027 888.00 2083.00 321 63
2028 2300.00 2991.00 321 51
2029 1669.00 2317.00 321 74
2030 2148.00 728.00 321 30
2031 87.00 1240.00 321 1
2032 281.00 2355.00 321 38
2033 2656.00 1118.00 321 32
2034 2106.00 3884.00 321 74
2035 365.00 2427.00 321 1
2036 163.00 2683.00 321 12
2037 1172.00 1212.00 321 15
2038 4.00 602.00 321 49
2039 1082.00 2758.00 321 34
2040 1062.00 2657.00 321 28
2041 231.00 3288.00 321 10
2042 4.00 554.00 321 46
2043 1059.00 3842.00 321 74
2044 1943.00 693.00 321 42
2045 557.00 1521.00 321 51
2046 2579.00 1893.00 321 31
2047 2492.00 3127.00 321 33
2048 1969.00 2433.00 321 78
2049 944.00 3021.00 321 70
2050 2300.00 2660.00 321 30
2051 656.00 2198.00 321 34
2052 2548.00 2627.00 321 37
2053 1785.00 2005.00 321 99
2054 2701.00 3621.00 321 14
2055 2798.00 3796.00 321 64
2056 346.00 3604.00 321 87
2057 2763.00 2222.00 321 38
2058 1451.00 652.00 321 8
2059 2204.00 2273.00 321 13
2060 599.00 2004.00 321 79
2061 1485.00 1521.00 321 53
2062 11.00 2333.00 321 72
2063 2541.00 362.00 321 13
2064 1370.00 2817.00 321 13
2065 2485.00 36.00 321 32
2066 887.00 2468.00 321 63
2067 169.00 41.00 321 35
2068 2069.00 1069.00 321 53
2069 14.00 1328.00 321 58
2070 321.00 1353.00 321 38
2071 1950.00 1111.00 321 83
2072 689.00 843.00 321 96
2073 2658.00 208.00 321 66
2074 2328.00 3077.00 321 59
2075 1296.00 1319.00 321 59
2076 263.00 3453.00 321 6
2077 384.00 3512.00 321 47
2078 1488.00 3878.00 321 57
2079 2491.00 2902.00 321 37
2080 753.00 1216.00 321 48
2081 843.00 361.00 321 81
2082 302.00 285.00 321 94
2083 319.00 1899.00 321 4
2084 1273.00 3164.00 321 86
2085 675.00 3396.00 321 77
2086 125.00 2158.00 321 58
2087 2539.00 1231.00 321 92
2088 483.00 2592.00 321 53
2089 147.00 287.00 321 68
2090 2111.00 428.00 321 15
2091 1528.00 283.00 321 99
2092 91.00 1520.00 321 4
2093 50.00 2603.00 321 85
2094 1971.00 1600.00 321 59
2095 1159.00 2431.00 321 77
2096 1371.00 3201.00 321 91
2097 1613.00 3420.00 321 86
2098 2656.00 1200.00 321 44
2099 713.00 1520.00 321 7
2100 406.00 3743.00 321 9
2101 671.00 360.00 321 75
2102 928.00 689.00 321 11
2103 13.00 1482.00 321 77
2104 2146.00 1520.00 321 45
2105 2495.00 3059.00 321 77
2106 2377.00 2786.00 321 61
2107 2299.00 3239.00 321 72
2108 1986.00 3766.00 321 84
2109 1669.00 2121.00 321 78
2110 1488.00 2659.00 321 69
2111 1982.00 2663.00 321 29
2112 2659.00 618.00 321 49
2113 2566.00 3386.00 321 96
2114 654.00 571.00 321 100
2115 1650.00 856.00 321 38
2116 896.00 1027.00 321 72
2117 1042.00 1706.00 321 83
2118 1488.00 3763.00 321 25
2119 203.00 2197.00 321 71
2120 1160.00 2776.00 321 52
2121 1409.00 2370.00 321 69
2122 15.00 1678.00 321 57
2123 2263.00 1104.00 321 59
2124 692.00 3587.00 321 87
2125 736.00 3164.00 321 11
2126 348.00 3724.00 321 64
2127 2265.00 87.00 321 14
2128 2029.00 2123.00 321 35
2129 167.00 1711.00 321 32
2130 2060.00 170.00 321 59
2131 2484.00 1212.00 321 60
2132 2322.00 1872.00 321 3
2133 2376.00 3057.00 321 1
2134 947.00 2662.00 321 77
2135 164.00 2233.00 321 62
2136 2298.00 2854.00 321 92
2137 1273.00 2664.00 321 55
2138 281.00 1318.00 321 89
2139 1862.00 1402.00 321 6
2140 1297.00 611.00 321 81
2141 1142.00 610.00 321 15
2142 2493.00 2748.00 321 1
2143 1697.00 1389.00 321 72
2144 752.00 1611.00 321 14
2145 2541.00 246.00 321 30
2146 105.00 3102.00 321 21
2147 886.00 2003.00 321 58
2148 1951.00 1183.00 321 55
2149 2183.00 2893.00 321 21
2150 1060.00 3880.00 321 43
2151 1941.00 1427.00 321 96
2152 1371.00 3683.00 321 11
2153 524.00 122.00 321 83
2154 1059.00 3529.00 321 24
2155 272.00 3587.00 321 9
2156 578.00 3144.00 321 69
2157 2070.00 1031.00 321 52
2158 1855.00 1600.00 321 76
2159 2265.00 1339.00 321 87
2160 1854.00 1523.00 321 98
2161 128.00 2760.00 321 24
2162 2732.00 2618.00 321 39
2163 1583.00 3182.00 321 20
2164 886.00 2430.00 321 65
2165 599.00 1009.00 321 62
2166 2186.00 1142.00 321 35
2167 434.00 1202.00 321 41
2168 2732.00 3467.00 321 57
2169 1788.00 2355.00 321 20
2170 1855.00 2356.00 321 83
2171 2752.00 3198.00 321 95
2172 1795.00 3320.00 321 90
2173 90.00 2373.00 321 78
2174 1886.00 245.00 321 62
2175 1059.00 2933.00 321 32
2176 463.00 2438.00 321 43
2177 2206.00 1106.00 321 7
2178 1273.00 3764.00 321 40
2179 1795.00 3840.00 321 48
2180 1369.00 3287.00 321 87
2181 1315.00 1152.00 321 41
2182 1194.00 2740.00 321 80
2183 2724.00 1029.00 321 12
2184 2704.00 1583.00 321 65
2185 2149.00 573.00 321 25
2186 33.00 360.00 321 11
2187 2797.00 3389.00 321 50
2188 2665.00 1679.00 321 58
2189 321.00 1821.00 321 7
2190 1198.00 2043.00 321 99
2191 165.00 1626.00 321 35
2192 11.00 2872.00 321 71
2193 1788.00 2160.00 321 97
2194 128.00 1290.00 321 27
2195 1443.00 88.00 321 80
2196 2106.00 2701.00 321 30
2197 1808.00 453.00 321 55
2198 2665.00 2550.00 321 64
2199 2167.00 848.00 321 71
2200 2254.00 2026.00 321 23
2201 1537.00 809.00 321 25
2202 2760.00 3409.00 321 46
2203 848.00 3607.00 321 61
2204 1187.00 114.00 321 73
2205 436.00 1238.00 321 60
2206 319.00 2274.00 321 93
2207 1335.00 573.00 321 47
2208 904.00 3703.00 321 94
2209 279.00 2755.00 321 24
2210 477.00 1046.00 321 31
2211 88.00 2911.00 321 52
2212 90.00 324.00 321 60
2213 223.00 282.00 321 32
2214 165.00 2042.00 321 27
2215 2106.00 3643.00 321 42
2216 1073.00 2061.00 321 1
2217 729.00 863.00 321 76
2218 1048.00 1056.00 321 46
2219 2181.00 3242.00 321 55
2220 983.00 1871.00 321 48
2221 2185.00 3319.00 321 50
2222 904.00 1870.00 321 98
2223 9.00 2718.00 321 92
2224 2549.00 2393.00 321 85
2225 327.00 3629.00 321 43
2226 49.00 1094.00 321 44
2227 849.00 3841.00 321 26
2228 1770.00 360.00 321 45
2229 2798.00 2102.00 321 27
2230 1405.00 211.00 321 21
2231 1795.00 2703.00 321 57
2232 842.00 631.00 321 53
2233 1643.00 285.00 321 71
2234 2338.00 1452.00 321 73
2235 457.00 122.00 321 67
2236 1488.00 1715.00 321 6
2237 51.00 2796.00 321 84
2238 2800.00 810.00 321 52
2239 1970.00 2392.00 321 7
2240 1749.00 1098.00 321 39
2241 49.00 2834.00 321 99
2242 782.00 1630.00 321 86
2243 10.00 2484.00 321 81
2244 2408.00 1116.00 321 97
2245 1990.00 3125.00 321 89
2246 945.00 3160.00 321 21
2247 128.00 1522.00 321 49
2248 2801.00 1254.00 321 77
2249 1615.00 765.00 321 6
2250 50.00 2449.00 321 7
2251 1096.00 95.00 321 78
2252 2205.00 1714.00 321 80
2253 1979.00 325.00 321 75
2254 203.00 2120.00 321 3
2255 708.00 1067.00 321 76
2256 991.00 165.00 321 55
2257 1749.00 1330.00 321 37
2258 2616.00 1137.00 321 11
2259 2028.00 1526.00 321 88
2260 2103.00 3318.00 321 53
2261 1055.00 1431.00 321 32
2262 114.00 3600.00 321 76
2263 164.00 2159.00 321 62
2264 637.00 1222.00 321 60
2265 1645.00 129.00 321 66
2266 88.00 1676.00 321 20
2267 2538.00 1987.00 321 100
2268 599.00 2196.00 321 37
2269 427.00 884.00 321 12
2270 201.00 2237.00 321 30
2271 1274.00 3278.00 321 94
2272 2761.00 1369.00 321 24
2273 1351.00 2340.00 321 92
2274 2136.00 939.00 321 4
2275 167.00 1100.00 321 22
2276 2798.00 3350.00 321 27
2277 674.00 3844.00 321 80
2278 391.00 1086.00 321 97
2279 348.00 3238.00 321 12
2280 1951.00 1146.00 321 20
2281 1894.00 829.00 321 72
2282 2097.00 1853.00 321 78
2283 1058.00 1136.00 321 70
2284 637.00 1869.00 321 95
2285 1756.00 1494.00 321 43
2286 2096.00 71.00 321 70
2287 762.00 2117.00 321 61
2288 2027.00 2393.00 321 32
2289 429.00 804.00 321 43
2290 2167.00 921.00 321 54
2291 1046.00 246.00 321 54
2292 463.00 3761.00 321 71
2293 642.00 128.00 321 5
2294 1234.00 1936.00 321 40
2295 871.00 1842.00 321 93
2296 50.00 1558.00 321 12
2297 51.00 2216.00 321 87
2298 2493.00 3248.00 321 21
2299 152.00 3744.00 321 23
2300 126.00 2683.00 321 63
2301 1144.00 1909.00 321 50
2302 1153.00 387.00 321 72
2303 88.00 1327.00 321 10
2304 2504.00 3813.00 321 88
2305 270.00 3279.00 321 17
2306 280.00 1240.00 321 83
2307 926.00 2391.00 321 37
2308 2590.00 393.00 321 41
2309 946.00 2777.00 321 78
2310 1370.00 3569.00 321 71
2311 2524.00 54.00 321 52
2312 2542.00 657.00 321 57
2313 278.00 2115.00 321 27
2314 155.00 3551.00 321 96
2315 1986.00 3724.00 321 71
2316 849.00 3683.00 321 99
2317 2067.00 1365.00 321 81
2318 1911.00 3760.00 321 48
2319 149.00 129.00 321 71
2320 2106.00 3606.00 321 13
2321 1989.00 2818.00 321 31
2322 1451.00 1561.00 321 59
2323 1970.00 2120.00 321 49
2324 456.00 361.00 321 58
2325 2830.00 194.00 321 90
2326 1409.00 2886.00 321 39
2327 1630.00 2530.00 321 19
2328 1439.00 3890.00 321 28
2329 1092.00 764.00 321 58
2330 1062.00 2776.00 321 95
2331 2194.00 1921.00 321 55
2332 2301.00 2933.00 321 20
2333 1239.00 1329.00 321 23
2334 1199.00 2162.00 321 71
2335 476.00 1830.00 321 21
2336 2665.00 1836.00 321 31
2337 2803.00 1034.00 321 62
2338 1369.00 1872.00 321 89
2339 1798.00 2742.00 321 69
2340 1238.00 1364.00 321 67
2341 224.00 484.00 321 21
2342 2658.00 1082.00 321 40
2343 1678.00 3280.00 321 67
2344 1335.00 844.00 321 51
2345 869.00 1743.00 321 85
2346 1794.00 3802.00 321 63
2347 2279.00 3184.00 321 47
2348 733.00 3125.00 321 16
2349 2105.00 3723.00 321 39
2350 829.00 3000.00 321 56
2351 437.00 1703.00 321 98
2352 1604.00 2391.00 321 6
2353 318.00 2233.00 321 18
2354 1699.00 2856.00 321 96
2355 656.00 2082.00 321 14
2356 1195.00 2006.00 321 73
2357 49.00 1795.00 321 20
2358 1369.00 2894.00 321 71
2359 438.00 1781.00 321 2
2360 2145.00 1558.00 321 35
2361 11.00 1055.00 321 79
2362 1372.00 3128.00 321 61
2363 2763.00 1586.00 321 43
2364 524.00 361.00 321 11
2365 1988.00 2893.00 321 42
2366 1749.00 1293.00 321 85
2367 1846.00 168.00 321 10
2368 2229.00 406.00 321 72
2369 1640.00 3473.00 321 14
2370 2206.00 1181.00 321 51
2371 1058.00 1210.00 321 98
2372 558.00 3317.00 321 27
2373 322.00 524.00 321 21
2374 638.00 1105.00 321 98
2375 281.00 1435.00 321 79
2376 2762.00 617.00 321 20
2377 388.00 3548.00 321 100
2378 620.00 3223.00 321 88
2379 347.00 3687.00 321 23
2380 525.00 650.00 321 19
2381 1582.00 3373.00 321 28
2382 1856.00 2317.00 321 73
2383 202.00 2159.00 321 18
2384 1276.00 3318.00 321 66
2385 51.00 1444.00 321 84
2386 1886.00 697.00 321 3
2387 1331.00 3871.00 321 80
2388 86.00 1211.00 321 74
2389 165.00 2487.00 321 71
2390 1196.00 2200.00 321 21
2391 1695.00 2937.00 321 80
2392 1720.00 1598.00 321 65
2393 1988.00 2743.00 321 15
2394 2203.00 2158.00 321 100
2395 1921.00 2314.00 321 12
2396 947.00 3683.00 321 70
2397 2009.00 2024.00 321 81
2398 367.00 1268.00 321 41
2399 2312.00 650.00 321 86
2400 130.00 1638.00 321 17
2401 928.00 2006.00 321 28
2402 1789.00 2368.00 321 38
2403 1136.00 86.00 321 92
2404 853.00 3319.00 321 44
2405 2659.00 325.00 321 83
2406 1911.00 3841.00 321 30
2407 340.00 204.00 321 96
2408 2148.00 2240.00 321 3
2409 484.00 2863.00 321 48
2410 1605.00 2199.00 321 42
2411 282.00 2042.00 321 97
2412 403.00 3646.00 321 99
2413 849.00 2699.00 321 56
2414 2467.00 242.00 321 13
2415 2762.00 459.00 321 61
2416 262.00 991.00 321 28
2417 524.00 1143.00 321 75
2418 1969.00 1871.00 321 95
2419 1796.00 1505.00 321 95
2420 1583.00 2660.00 321 82
2421 1273.00 3683.00 321 6
2422 2659.00 171.00 321 18
2423 2085.00 2141.00 321 52
2424 2618.00 1756.00 321 7
2425 924.00 2508.00 321 68
2426 1451.00 612.00 321 22
2427 340.00 165.00 321 48
2428 2462.00 168.00 321 34
2429 1681.00 213.00 321 31
2430 1055.00 1400.00 321 63
2431 49.00 2257.00 321 99
2432 785.00 3527.00 321 16
2433 346.00 3762.00 321 64
2434 204.00 2913.00 321 81
2435 435.00 1281.00 321 21
2436 1741.00 575.00 321 21
2437 2376.00 3408.00 321 79
2438 1865.00 1137.00 321 13
2439 2642.00 3195.00 321 56
2440 2106.00 3841.00 321 36
2441 166.00 1084.00 321 58
2442 349.00 3358.00 321 2
2443 2400.00 333.00 321 13
2444 926.00 2317.00 321 28
2445 1415.00 327.00 321 18
2446 2531.00 2787.00 321 45
2447 524.00 2745.00 321 90
2448 526.00 1415.00 321 6
2449 318.00 2798.00 321 51
2450 2205.00 1789.00 321 32
2451 642.00 323.00 321 80
2452 2378.00 1714.00 321 61
2453 1452.00 492.00 321 77
2454 1971.00 1717.00 321 39
2455 2106.00 3087.00 321 14
2456 1109.00 3068.00 321 22
2457 1970.00 2469.00 321 95
2458 1912.00 1409.00 321 11
2459 2107.00 2661.00 321 57
2460 2801.00 1507.00 321 47
2461 157.00 3861.00 321 69
2462 2799.00 1656.00 321 41
2463 640.00 648.00 321 5
2464 1272.00 2893.00 321 65
2465 127.00 1713.00 321 58
2466 1911.00 3608.00 321 69
2467 164.00 2274.00 321 81
2468 1273.00 2852.00 321 83
2469 1645.00 91.00 321 66
2470 2763.00 1255.00 321 67
2471 1197.00 2432.00 321 1
2472 1866.00 1020.00 321 75
2473 2327.00 3416.00 321 1
2474 221.00 3338.00 321 22
2475 2321.00 1832.00 321 44
2476 1157.00 3282.00 321 60
2477 984.00 2719.00 321 13
2478 1853.00 1641.00 321 44
2479 2494.00 3095.00 321 45
2480 1064.00 3088.00 321 30
2481 2317.00 468.00 321 89
2482 223.00 2021.00 321 79
2483 1563.00 1551.00 321 73
2484 638.00 728.00 321 61
2485 2493.00 2506.00 321 60
2486 1441.00 204.00 321 63
2487 1258.00 610.00 321 96
2488 2018.00 1930.00 321 51
2489 284.00 1783.00 321 27
2490 54.00 574.00 321 88
2491 2494.00 2982.00 321 45
2492 1733.00 127.00 321 45
2493 130.00 1678.00 321 73
2494 1363.00 2662.00 321 79
2495 1583.00 3065.00 321 90
2496 1294.00 1872.00 321 38
2497 1912.00 2895.00 321 56
2498 2493.00 2255.00 321 29
2499 1272.00 2737.00 321 99
2500 2801.00 2376.00 321 40
2501 1789.00 73.00 321 54
2502 2075.00 3104.00 321 51
2503 1890.00 3540.00 321 5
2504 50.00 2176.00 321 17
2505 2246.00 486.00 321 11
2506 165.00 2721.00 321 68
2507 1194.00 3144.00 321 100
2508 1710.00 655.00 321 12
2509 2831.00 231.00 321 34
2510 750.00 1088.00 321 79
2511 2338.00 2620.00 321 4
2512 308.00 2526.00 321 71
2513 2245.00 843.00 321 62
2514 1859.00 694.00 321 95
2515 1367.00 3801.00 321 81
2516 11.00 2256.00 321 87
2517 2349.00 1114.00 321 66
2518 2415.00 1482.00 321 75
2519 1375.00 1231.00 321 88
2520 2266.00 464.00 321 35
2521 560.00 1685.00 321 100
2522 850.00 3162.00 321 87
2523 475.00 1431.00 321 4
2524 90.00 2177.00 321 26
2525 1380.00 2239.00 321 29
2526 1224.00 3667.00 321 69
2527 855.00 706.00 321 43
2528 1854.00 652.00 321 7
2529 283.00 1122.00 321 78
2530 1487.00 3685.00 321 48
2531 754.00 1258.00 321 17
2532 1155.00 2661.00 321 95
2533 2550.00 1677.00 321 55
2534 1487.00 3800.00 321 24
2535 1642.00 1871.00 321 32
2536 2264.00 167.00 321 44
2537 1942.00 209.00 321 84
2538 1566.00 1290.00 321 100
2539 941.00 3088.00 321 54
2540 2148.00 1300.00 321 34
2541 1942.00 572.00 321 63
2542 1159.00 2162.00 321 82
2543 430.00 648.00 321 25
2544 168.00 1281.00 321 88
2545 320.00 2717.00 321 13
2546 1370.00 3765.00 321 83
2547 53.00 1600.00 321 83
2548 1797.00 3203.00 321 32
2549 767.00 323.00 321 78
2550 780.00 2967.00 321 42
2551 1373.00 3166.00 321 2
2552 944.00 3127.00 321 40
2553 200.00 2392.00 321 70
2554 2163.00 2624.00 321 37
2555 321.00 1277.00 321 55
2556 10.00 2801.00 321 81
2557 2568.00 3350.00 321 60
2558 47.00 1712.00 321 34
2559 2418.00 836.00 321 27
2560 2494.00 2429.00 321 85
2561 2349.00 1831.00 321 46
2562 734.00 3087.00 321 58
2563 2762.00 591.00 321 2
2564 2660.00 656.00 321 42
2565 376.00 2622.00 321 61
2566 2666.00 2178.00 321 96
2567 2222.00 2990.00 321 32
2568 168.00 1391.00 321 3
2569 1238.00 1210.00 321 89
2570 910.00 2588.00 321 99
2571 2800.00 578.00 321 36
2572 1855.00 2394.00 321 61
2573 559.00 3356.00 321 33
2574 2581.00 770.00 321 39
2575 895.00 3834.00 321 49
2576 1468.00 2613.00 321 20
2577 1832.00 3298.00 321 83
2578 1487.00 3279.00 321 72
2579 2645.00 2866.00 321 50
2580 1796.00 3881.00 321 21
2581 2667.00 1524.00 321 100
2582 947.00 2894.00 321 81
2583 881.00 1296.00 321 20
2584 51.00 1522.00 321 55
2585 1395.00 1192.00 321 94
2586 1758.00 1524.00 321 62
2587 1087.00 613.00 321 85
2588 1329.00 321.00 321 91
2589 2021.00 1243.00 321 96
2590 1542.00 727.00 321 17
2591 281.00 2949.00 321 62
2592 2146.00 1635.00 321 93
2593 634.00 1522.00 321 1
2594 1544.00 2775.00 321 50
2595 2379.00 2059.00 321 39
2596 1603.00 2316.00 321 16
2597 202.00 2079.00 321 81
2598 2319.00 2122.00 321 59
2599 358.00 1841.00 321 56
2600 428.00 843.00 321 45
2601 49.00 2370.00 321 45
2602 2379.00 2218.00 321 4
2603 2059.00 651.00 321 96
2604 1911.00 3416.00 321 80
2605 1988.00 3646.00 321 33
2606 2377.00 2547.00 321 91
2607 494.00 2458.00 321 25
2608 610.00 503.00 321 40
2609 2030.00 2084.00 321 36
2610 474.00 1277.00 321 25
2611 946.00 3647.00 321 86
2612 -57.00 32.00 321 57
2613 394.00 2137.00 321 74
2614 1729.00 2913.00 321 46
2615 212.00 110.00 321 51
2616 1239.00 1250.00 321 40
2617 656.00 2509.00 321 56
2618 307.00 3501.00 321 76
2619 205.00 987.00 321 73
2620 637.00 164.00 321 94
2621 363.00 47.00 321 96
2622 748.00 3550.00 321 98
2623 2797.00 3794.00 321 83
2624 1399.00 3764.00 321 60
2625 434.00 2062.00 321 1
2626 482.00 2784.00 321 44
2627 1971.00 1560.00 321 84
2628 1274.00 3808.00 321 65
2629 2378.00 2624.00 321 80
2630 2240.00 1558.00 321 56
2631 2759.00 1098.00 321 54
2632 2377.00 2825.00 321 17
2633 674.00 1868.00 321 33
2634 880.00 1215.00 321 53
2635 156.00 3591.00 321 71
2636 943.00 3609.00 321 83
2637 735.00 2780.00 321 67
2638 167.00 1665.00 321 83
2639 1566.00 1209.00 321 83
2640 1526.00 204.00 321 23
2641 1159.00 2315.00 321 61
2642 598.00 1607.00 321 32
2643 1730.00 1986.00 321 70
2644 1488.00 3570.00 321 53
2645 2800.00 2491.00 321 76
2646 2291.00 2297.00 321 23
2647 1061.00 1871.00 321 72
2648 522.00 2631.00 321 2
2649 1567.00 1171.00 321 54
2650 2493.00 1868.00 321 20
2651 105.00 3375.00 321 26
2652 2762.00 694.00 321 13
2653 88.00 1558.00 321 92
2654 931.00 205.00 321 99
2655 520.00 2899.00 321 37
2656 2205.00 2314.00 321 65
2657 1489.00 2314.00 321 61
2658 1140.00 1814.00 321 51
2659 1410.00 1627.00 321 48
2660 848.00 3727.00 321 54
2661 437.00 1862.00 321 41
2662 2761.00 3332.00 321 51
2663 319.00 1317.00 321 50
2664 1044.00 763.00 321 36
2665 476.00 1781.00 321 11
2666 1417.00 128.00 321 81
2667 1274.00 2814.00 321 2
2668 2186.00 2814.00 321 67
2669 927.00 2122.00 321 6
2670 2550.00 2141.00 321 51
2671 996.00 1261.00 321 99
2672 1368.00 3612.00 321 66
2673 2530.00 2710.00 321 12
2674 2146.00 1261.00 321 32
2675 2301.00 2896.00 321 42
2676 2375.00 2865.00 321 45
2677 1529.00 1291.00 321 33
2678 1923.00 2382.00 321 8
2679 115.00 3547.00 321 91
2680 521.00 841.00 321 68
2681 1097.00 1524.00 321 78
2682 462.00 3840.00 321 43
2683 437.00 1744.00 321 8
2684 735.00 2701.00 321 80
2685 928.00 1667.00 321 36
2686 1706.00 2082.00 321 59
2687 1485.00 3201.00 321 93
2688 733.00 3607.00 321 49
2689 689.00 890.00 321 93
2690 1586.00 2815.00 321 9
2691 166.00 2567.00 321 75
2692 666.00 3472.00 321 49
2693 2491.00 2176.00 321 18
2694 304.00 362.00 321 95
2695 2009.00 1032.00 321 74
2696 1230.00 225.00 321 74
2697 1298.00 574.00 321 45
2698 2203.00 1557.00 321 17
2699 1533.00 1492.00 321 58
2700 127.00 2528.00 321 11
2701 2466.00 692.00 321 41
2702 1213.00 3625.00 321 26
2703 2149.00 1143.00 321 89
2704 129.00 1094.00 321 74
2705 1054.00 1363.00 321 26
2706 94.00 1606.00 321 100
2707 1271.00 3357.00 321 47
2708 91.00 1639.00 321 38
2709 526.00 204.00 321 46
2710 1682.00 249.00 321 7
2711 202.00 2353.00 321 54
2712 1698.00 3685.00 321 50
2713 1487.00 2157.00 321 74
2714 2076.00 1813.00 321 93
2715 946.00 3883.00 321 77
2716 2802.00 620.00 321 1
2717 2531.00 2827.00 321 65
2718 11.00 2217.00 321 51
2719 655.00 1966.00 321 27
2720 1252.00 1523.00 321 62
2721 2762.00 1821.00 321 37
2722 2417.00 130.00 321 52
2723 2801.00 1619.00 321 85
2724 1893.00 3820.00 321 51
2725 1141.00 768.00 321 89
2726 1911.00 3802.00 321 52
2727 2298.00 3165.00 321 69
2728 732.00 321.00 321 84
2729 282.00 1900.00 321 53
2730 1369.00 3646.00 321 20
2731 2667.00 2025.00 321 88
2732 1855.00 615.00 321 11
2733 1432.00 1073.00 321 81
2734 234.00 2410.00 321 84
2735 2266.00 651.00 321 53
2736 1851.00 2990.00 321 17
2737 2665.00 1935.00 321 80
2738 1202.00 1000.00 321 100
2739 1499.00 3493.00 321 58
2740 165.00 2351.00 321 37
2741 1488.00 3841.00 321 43
2742 1249.00 163.00 321 78
2743 1328.00 3417.00 321 47
2744 1029.00 942.00 321 91
2745 2493.00 3326.00 321 67
2746 344.00 3839.00 321 92
2747 707.00 1146.00 321 33
2748 1488.00 3085.00 321 100
2749 2026.00 2992.00 321 59
2750 204.00 2953.00 321 17
2751 435.00 1552.00 321 91
2752 1137.00 1134.00 321 9
2753 2475.00 1008.00 321 68
2754 752.00 1520.00 321 8
2755 2253.00 1463.00 321 70
2756 119.00 573.00 321 64
2757 2800.00 1856.00 321 51
2758 2546.00 2548.00 321 32
2759 1457.00 2890.00 321 10
2760 1669.00 2356.00 321 40
2761 280.00 2078.00 321 34
2762 2696.00 540.00 321 46
2763 390.00 410.00 321 28
2764 311.00 883.00 321 7
2765 2059.00 772.00 321 40
2766 2799.00 3117.00 321 73
2767 1174.00 1179.00 321 79
2768 89.00 1629.00 321 83
2769 944.00 2932.00 321 74
2770 849.00 3087.00 321 44
2771 2791.00 345.00 321 100
2772 2000.00 1387.00 321 80
2773 2701.00 3940.00 321 94
2774 1663.00 1056.00 321 92
2775 1490.00 3316.00 321 25
2776 2660.00 285.00 321 62
2777 35.00 248.00 321 42
2778 1701.00 2742.00 321 50
2779 2339.00 3260.00 321 50
2780 1369.00 2935.00 321 27
2781 2167.00 2537.00 321 24
2782 2762.00 1138.00 321 48
2783 89.00 1758.00 321 24
2784 1941.00 285.00 321 7
2785 1448.00 3124.00 321 50
2786 1099.00 334.00 321 97
2787 2349.00 208.00 321 22
2788 1160.00 3126.00 321 34
2789 2146.00 2278.00 321 100
2790 1852.00 1834.00 321 82
2791 733.00 3277.00 321 50
2792 2028.00 2992.00 321 14
2793 573.00 325.00 321 27
2794 1232.00 395.00 321 18
2795 2541.00 771.00 321 30
2796 823.00 1222.00 321 36
2797 1171.00 1055.00 321 80
2798 112.00 3739.00 321 68
2799 1059.00 1092.00 321 78
2800 1380.00 2004.00 321 99
2801 1699.00 2702.00 321 42
2802 1370.00 2782.00 321 20
2803 1061.00 3320.00 321 94
2804 436.00 1627.00 321 5
2805 2720.00 3100.00 321 50
2806 2800.00 1331.00 321 83
2807 2628.00 1715.00 321 59
2808 2762.00 770.00 321 76
2809 475.00 1199.00 321 28
2810 483.00 2630.00 321 78
2811 2647.00 1991.00 321 78
2812 2658.00 577.00 321 13
2813 709.00 1261.00 321 90
2814 1335.00 803.00 321 18
2815 1492.00 3244.00 321 75
2816 1272.00 3606.00 321 92
2817 438.00 49.00 321 82
2818 2465.00 1190.00 321 21
2819 1158.00 3765.00 321 75
2820 270.00 3784.00 321 76
2821 75.00 3462.00 321 59
2822 2351.00 768.00 321 89
2823 707.00 1223.00 321 29
2824 597.00 2317.00 321 33
2825 1641.00 322.00 321 21
2826 1863.00 1329.00 321 26
2827 1157.00 3843.00 321 73
2828 2760.00 1506.00 321 99
2829 1351.00 2410.00 321 26
2830 928.00 2081.00 321 61
2831 527.00 884.00 321 52
2832 311.00 839.00 321 42
2833 1699.00 2778.00 321 4
2834 2542.00 615.00 321 13
2835 91.00 51.00 321 79
2836 1291.00 2527.00 321 48
2837 319.00 1784.00 321 42
2838 170.00 1131.00 321 55
2839 557.00 3089.00 321 25
2840 2379.00 2254.00 321 88
2841 2060.00 574.00 321 62
2842 1368.00 3840.00 321 93
2843 2300.00 2964.00 321 43
2844 2281.00 1164.00 321 75
2845 319.00 2833.00 321 74
2846 1717.00 3020.00 321 33
2847 1408.00 3862.00 321 15
2848 523.00 2862.00 321 86
2849 1796.00 3358.00 321 100
2850 90.00 1483.00 321 61
2851 2303.00 767.00 321 64
2852 2204.00 1635.00 321 67
2853 2299.00 3355.00 321 16
2854 1143.00 650.00 321 16
2855 1157.00 2892.00 321 16
2856 1002.00 1482.00 321 10
2857 2302.00 223.00 321 60
2858 2352.00 691.00 321 49
2859 1481.00 223.00 321 66
2860 321.00 1743.00 321 26
2861 558.00 3201.00 321 33
2862 2106.00 3359.00 321 22
2863 2112.00 2317.00 321 41
2864 1265.00 2560.00 321 3
2865 1488.00 2855.00 321 24
2866 804.00 2041.00 321 91
2867 1866.00 1215.00 321 68
2868 2792.00 153.00 321 24
2869 2065.00 2026.00 321 59
2870 2582.00 439.00 321 95
2871 230.00 1471.00 321 69
2872 642.00 688.00 321 52
2873 127.00 2874.00 321 92
2874 1606.00 1548.00 321 100
2875 1153.00 3686.00 321 79
2876 1488.00 1562.00 321 94
2877 869.00 1870.00 321 26
2878 558.00 3532.00 321 59
2879 2438.00 875.00 321 3
2880 2287.00 2169.00 321 34
2881 2540.00 1311.00 321 99
2882 1796.00 2665.00 321 99
2883 867.00 3019.00 321 8
2884 1183.00 863.00 321 94
2885 118.00 767.00 321 39
2886 680.00 84.00 321 75
2887 1543.00 3742.00 321 83
2888 2328.00 2024.00 321 55
2889 1258.00 864.00 321 64
2890 1567.00 1131.00 321 81
2891 1233.00 3280.00 321 41
2892 676.00 3359.00 321 98
2893 1795.00 3277.00 321 7
2894 2604.00 3410.00 321 24
2895 2550.00 1874.00 321 23
2896 2377.00 1679.00 321 65
2897 1777.00 2471.00 321 4
2898 385.00 1230.00 321 88
2899 2367.00 1354.00 321 17
2900 1176.00 3028.00 321 2
2901 2667.00 2432.00 321 38
2902 460.00 3489.00 321 8
2903 1198.00 2238.00 321 44
2904 2147.00 209.00 321 2
2905 2267.00 127.00 321 8
2906 523.00 805.00 321 84
2907 1063.00 3607.00 321 94
2908 439.00 1123.00 321 86
2909 2617.00 847.00 321 79
2910 462.00 3877.00 321 63
2911 1157.00 2351.00 321 77
2912 597.00 2825.00 321 77
2913 2468.00 1310.00 321 34
2914 2605.00 3109.00 321 38
2915 2029.00 2665.00 321 40
2916 598.00 2863.00 321 11
2917 694.00 1955.00 321 36
2918 452.00 3565.00 321 68
2919 2378.00 1752.00 321 81
2920 155.00 3627.00 321 96
2921 2762.00 1178.00 321 4
2922 50.00 2717.00 321 78
2923 1048.00 280.00 321 48
2924 2062.00 3604.00 321 44
2925 63.00 360.00 321 33
2926 305.00 325.00 321 18
2927 2566.00 3195.00 321 95
2928 321.00 2680.00 321 69
2929 1440.00 167.00 321 82
2930 1454.00 687.00 321 39
2931 222.00 2140.00 321 17
2932 1670.00 2237.00 321 83
2933 1274.00 3841.00 321 54
2934 321.00 1859.00 321 9
2935 1668.00 2044.00 321 85
2936 317.00 1122.00 321 84
2937 1428.00 2314.00 321 24
2938 205.00 1063.00 321 100
2939 1119.00 2470.00 321 2
2940 2380.00 1524.00 321 40
2941 346.00 3162.00 321 24
2942 1523.00 1524.00 321 15
2943 1570.00 1092.00 321 68
2944 1652.00 450.00 321 8
2945 2592.00 521.00 321 25
2946 9.00 2448.00 321 17
2947 2308.00 1966.00 321 83
2948 674.00 3436.00 321 28
2949 642.00 208.00 321 19
2950 1564.00 331.00 321 25
2951 1056.00 1249.00 321 86
2952 931.00 246.00 321 46
2953 2225.00 555.00 321 66
2954 2772.00 2512.00 321 71
2955 1604.00 2118.00 321 98
2956 2424.00 3426.00 321 92
2957 640.00 1337.00 321 57
2958 117.00 526.00 321 86
2959 981.00 2279.00 321 67
2960 2029.00 1561.00 321 63
2961 734.00 2663.00 321 71
2962 929.00 612.00 321 88
2963 1624.00 3861.00 321 74
2964 456.00 242.00 321 26
2965 1745.00 2568.00 321 19
2966 734.00 3320.00 321 9
2967 166.00 2315.00 321 18
2968 2549.00 2218.00 321 27
2969 225.00 1026.00 321 22
2970 1988.00 2777.00 321 8
2971 2761.00 497.00 321 45
2972 234.00 724.00 321 8
2973 1423.00 3532.00 321 81
2974 1061.00 3241.00 321 34
2975 2224.00 1066.00 321 71
2976 529.00 610.00 321 85
2977 732.00 3202.00 321 6
2978 1272.00 3567.00 321 38
2979 522.00 1223.00 321 43
2980 1758.00 2317.00 321 7
2981 1853.00 2277.00 321 43
2982 128.00 1213.00 321 16
2983 2068.00 1223.00 321 89
2984 1539.00 689.00 321 40
2985 2378.00 2903.00 321 76
2986 945.00 2856.00 321 73
2987 348.00 2503.00 321 68
2988 2466.00 649.00 321 48
2989 11.00 1289.00 321 17
2990 342.00 359.00 321 5
2991 2029.00 1638.00 321 14
2992 1699.00 2816.00 321 31
2993 674.00 3764.00 321 63
2994 321.00 2604.00 321 59
2995 688.00 804.00 321 22
2996 2830.00 384.00 321 45
2997 520.00 2593.00 321 4
2998 1276.00 3126.00 321 93
2999 2029.00 1755.00 321 51
3000 1489.00 2235.00 321 74