500 100
0 1319.00 1843.00
1 1248.00 2241.00 321 13
2 887.00 2201.00 321 20
3 2106.00 3643.00 321 42
4 167.00 1781.00 321 25
5 927.00 2122.00 321 6
6 2566.00 3310.00 321 72
7 1853.00 2023.00 321 31
8 2704.00 1437.00 321 61
9 1866.00 1055.00 321 57
10 1795.00 2892.00 321 58
11 2759.00 1098.00 321 54
12 1185.00 592.00 321 50
13 1254.00 324.00 321 7
14 2568.00 3350.00 321 60
15 204.00 2316.00 321 75
16 187.00 1260.00 321 38
17 1119.00 2573.00 321 40
18 997.00 1298.00 321 74
19 2128.00 807.00 321 34
20 1847.00 904.00 321 42
21 850.00 3878.00 321 60
22 475.00 1625.00 321 68
23 2801.00 538.00 321 85
24 2029.00 2123.00 321 35
25 1005.00 2681.00 321 3
26 1535.00 2668.00 321 87
27 131.00 1560.00 321 65
28 1749.00 1138.00 321 57
29 435.00 1552.00 321 91
30 131.00 1055.00 321 61
31 1161.00 2509.00 321 55
32 1392.00 3504.00 321 18
33 2495.00 2665.00 321 92
34 947.00 3683.00 321 70
35 2347.00 1152.00 321 21
36 2494.00 2429.00 321 85
37 2266.00 730.00 321 67
38 557.00 3089.00 321 25
39 1055.00 1431.00 321 32
40 1748.00 1213.00 321 75
41 675.00 1521.00 321 70
42 1012.00 2100.00 321 27
43 2320.00 1557.00 321 34
44 905.00 1521.00 321 81
45 728.00 86.00 321 34
46 212.00 110.00 321 51
47 2699.00 3852.00 321 57
48 2864.00 3474.00 321 17
49 811.00 1481.00 321 19
50 2438.00 875.00 321 3
51 640.00 361.00 321 11
52 1215.00 1523.00 321 69
53 946.00 3883.00 321 77
54 280.00 2392.00 321 95
55 1526.00 1870.00 321 96
56 270.00 3784.00 321 76
57 1584.00 2777.00 321 8
58 2167.00 848.00 321 71
59 1036.00 456.00 321 33
60 49.00 1795.00 321 20
61 880.00 1215.00 321 53
62 1489.00 2314.00 321 61
63 1334.00 533.00 321 64
64 1979.00 325.00 321 75
65 1276.00 3318.00 321 66
66 1986.00 3280.00 321 60
67 2146.00 1870.00 321 56
68 112.00 3739.00 321 68
69 2686.00 2868.00 321 87
70 1274.00 2814.00 321 2
71 1750.00 1250.00 321 78
72 2378.00 1789.00 321 37
73 321.00 1353.00 321 38
74 929.00 846.00 321 18
75 2798.00 3796.00 321 64
76 850.00 3162.00 321 87
77 34.00 372.00 321 10
78 2830.00 77.00 321 76
79 1530.00 323.00 321 26
80 2000.00 1387.00 321 80
81 426.00 685.00 321 46
82 1789.00 2368.00 321 38
83 2790.00 115.00 321 20
84 284.00 1783.00 321 27
85 641.00 285.00 321 71
86 1451.00 612.00 321 22
87 155.00 3123.00 321 19
88 1670.00 2237.00 321 83
89 2703.00 1680.00 321 11
90 2264.00 1143.00 321 66
91 128.00 2080.00 321 8
92 1942.00 572.00 321 63
93 365.00 2582.00 321 81
94 1051.00 88.00 321 47
95 223.00 282.00 321 32
96 1158.00 3088.00 321 33
97 2513.00 572.00 321 37
98 1913.00 1787.00 321 7
99 599.00 1908.00 321 94
100 320.00 2757.00 321 62
101 304.00 362.00 321 95
102 1988.00 3606.00 321 92
103 844.00 206.00 321 18
104 1450.00 1366.00 321 29
105 1735.00 170.00 321 98
106 2058.00 86.00 321 41
107 1788.00 2160.00 321 97
108 165.00 2351.00 321 37
109 483.00 2707.00 321 33
110 1060.00 1909.00 321 4
111 1645.00 129.00 321 66
112 2227.00 108.00 321 78
113 1640.00 1525.00 321 33
114 598.00 2707.00 321 3
115 1275.00 3199.00 321 22
116 236.00 1541.00 321 44
117 1292.00 324.00 321 46
118 675.00 3279.00 321 1
119 2150.00 91.00 321 66
120 2265.00 1339.00 321 87
121 2541.00 212.00 321 48
122 2551.00 1798.00 321 94
123 1567.00 1171.00 321 54
124 666.00 3472.00 321 49
125 2148.00 2240.00 321 3
126 1160.00 2393.00 321 72
127 688.00 804.00 321 22
128 561.00 3879.00 321 57
129 1661.00 3889.00 321 82
130 283.00 1822.00 321 80
131 2732.00 3467.00 321 57
132 727.00 628.00 321 20
133 318.00 2798.00 321 51
134 2378.00 3175.00 321 8
135 1529.00 1291.00 321 33
136 1990.00 3125.00 321 89
137 349.00 3124.00 321 84
138 601.00 575.00 321 71
139 930.00 85.00 321 33
140 634.00 1596.00 321 21
141 983.00 1871.00 321 48
142 365.00 2427.00 321 1
143 2761.00 497.00 321 45
144 473.00 3011.00 321 98
145 865.00 1522.00 321 2
146 1944.00 614.00 321 4
147 2254.00 2026.00 321 23
148 2494.00 3403.00 321 62
149 872.00 799.00 321 27
150 2212.00 2699.00 321 64
151 1557.00 2215.00 321 4
152 2317.00 468.00 321 89
153 1651.00 3568.00 321 54
154 732.00 3202.00 321 6
155 2378.00 2624.00 321 80
156 1630.00 2530.00 321 19
157 1140.00 1523.00 321 38
158 1856.00 770.00 321 61
159 129.00 2914.00 321 97
160 2266.00 464.00 321 35
161 462.00 3877.00 321 63
162 1949.00 3647.00 321 28
163 2146.00 1219.00 321 79
164 2326.00 306.00 321 62
165 10.00 2484.00 321 81
166 2800.00 1781.00 321 84
167 169.00 41.00 321 35
168 1624.00 3107.00 321 8
169 157.00 3861.00 321 69
170 2799.00 3041.00 321 81
171 2028.00 1795.00 321 35
172 1854.00 2645.00 321 93
173 394.00 2137.00 321 74
174 189.00 246.00 321 100
175 76.00 3624.00 321 56
176 1260.00 533.00 321 30
177 86.00 1211.00 321 74
178 2378.00 1830.00 321 60
179 1062.00 3131.00 321 23
180 2328.00 3077.00 321 59
181 35.00 118.00 321 99
182 2205.00 2197.00 321 92
183 793.00 2081.00 321 90
184 1564.00 1871.00 321 26
185 2105.00 2894.00 321 91
186 1061.00 3682.00 321 94
187 2074.00 1299.00 321 80
188 1585.00 2738.00 321 48
189 1678.00 3280.00 321 67
190 90.00 1369.00 321 88
191 1134.00 128.00 321 45
192 1159.00 3242.00 321 14
193 1581.00 2852.00 321 44
194 279.00 1061.00 321 93
195 2147.00 209.00 321 2
196 559.00 3125.00 321 1
197 1808.00 453.00 321 55
198 734.00 2663.00 321 71
199 525.00 650.00 321 19
200 2218.00 303.00 321 76
201 558.00 3317.00 321 27
202 1651.00 770.00 321 85
203 1411.00 1693.00 321 44
204 154.00 3314.00 321 72
205 1781.00 128.00 321 66
206 10.00 2640.00 321 47
207 882.00 1336.00 321 58
208 204.00 2428.00 321 55
209 767.00 323.00 321 78
210 388.00 3548.00 321 100
211 1453.00 572.00 321 39
212 424.00 3687.00 321 19
213 1336.00 768.00 321 9
214 1271.00 2701.00 321 81
215 2377.00 3212.00 321 33
216 2268.00 3813.00 321 37
217 170.00 1471.00 321 87
218 1058.00 1136.00 321 70
219 2050.00 812.00 321 87
220 904.00 264.00 321 86
221 1409.00 1871.00 321 26
222 346.00 1899.00 321 12
223 1988.00 3203.00 321 38
224 11.00 1753.00 321 44
225 2185.00 3356.00 321 52
226 1157.00 2892.00 321 16
227 596.00 2671.00 321 8
228 1652.00 575.00 321 15
229 1488.00 2735.00 321 61
230 270.00 3820.00 321 49
231 462.00 3721.00 321 58
232 1356.00 1172.00 321 84
233 2105.00 3764.00 321 54
234 2191.00 66.00 321 56
235 2350.00 1075.00 321 66
236 1848.00 211.00 321 90
237 1969.00 1871.00 321 95
238 1911.00 3841.00 321 30
239 2204.00 2430.00 321 38
240 2111.00 466.00 321 93
241 456.00 361.00 321 58
242 2567.00 3234.00 321 40
243 49.00 1135.00 321 39
244 123.00 1327.00 321 71
245 111.00 168.00 321 43
246 1668.00 2044.00 321 85
247 2466.00 729.00 321 58
248 638.00 1256.00 321 52
249 886.00 2241.00 321 59
250 597.00 2516.00 321 38
251 641.00 1415.00 321 41
252 13.00 2378.00 321 67
253 2321.00 1522.00 321 85
254 204.00 2953.00 321 17
255 438.00 1822.00 321 20
256 252.00 3529.00 321 79
257 1930.00 2024.00 321 33
258 1275.00 2780.00 321 8
259 732.00 2896.00 321 46
260 1942.00 90.00 321 53
261 147.00 322.00 321 55
262 2543.00 497.00 321 50
263 2068.00 1259.00 321 90
264 1736.00 2963.00 321 89
265 2060.00 691.00 321 10
266 1202.00 1000.00 321 100
267 880.00 1178.00 321 72
268 2761.00 2983.00 321 34
269 1796.00 2665.00 321 99
270 1249.00 163.00 321 78
271 2512.00 1436.00 321 2
272 1863.00 981.00 321 79
273 848.00 3607.00 321 61
274 733.00 3277.00 321 50
275 1866.00 1292.00 321 29
276 867.00 3019.00 321 8
277 826.00 440.00 321 84
278 464.00 3355.00 321 57
279 2791.00 231.00 321 26
280 1276.00 3126.00 321 93
281 524.00 122.00 321 83
282 2491.00 2942.00 321 37
283 1402.00 574.00 321 14
284 234.00 685.00 321 54
285 984.00 1898.00 321 10
286 2300.00 2660.00 321 30
287 581.00 79.00 321 68
288 2060.00 574.00 321 62
289 1049.00 572.00 321 75
290 1369.00 1872.00 321 89
291 2616.00 1137.00 321 11
292 2390.00 3550.00 321 93
293 50.00 2489.00 321 68
294 359.00 1964.00 321 23
295 164.00 2159.00 321 62
296 429.00 804.00 321 43
297 1950.00 1111.00 321 83
298 2465.00 90.00 321 39
299 1064.00 3088.00 321 30
300 149.00 129.00 321 71
301 436.00 1238.00 321 60
302 281.00 2355.00 321 38
303 521.00 2787.00 321 39
304 2061.00 131.00 321 83
305 50.00 2449.00 321 7
306 2704.00 1583.00 321 65
307 10.00 1561.00 321 89
308 1848.00 132.00 321 24
309 2541.00 1121.00 321 70
310 843.00 864.00 321 86
311 2800.00 1698.00 321 82
312 2379.00 2137.00 321 62
313 2732.00 2491.00 321 45
314 1372.00 3087.00 321 41
315 1297.00 611.00 321 81
316 1604.00 2391.00 321 6
317 2468.00 467.00 321 2
318 340.00 204.00 321 96
319 405.00 3906.00 321 95
320 2801.00 2183.00 321 46
321 167.00 1665.00 321 83
322 1566.00 1209.00 321 83
323 2377.00 1870.00 321 17
324 2466.00 692.00 321 41
325 965.00 459.00 321 88
326 1884.00 90.00 321 87
327 2548.00 2431.00 321 4
328 4.00 554.00 321 46
329 848.00 1907.00 321 41
330 2493.00 3210.00 321 25
331 367.00 823.00 321 99
332 347.00 3397.00 321 49
333 1537.00 809.00 321 25
334 2147.00 611.00 321 42
335 2267.00 127.00 321 8
336 1132.00 162.00 321 19
337 1988.00 3646.00 321 33
338 1047.00 534.00 321 59
339 1363.00 2662.00 321 79
340 735.00 2701.00 321 80
341 927.00 2276.00 321 90
342 186.00 322.00 321 65
343 78.00 1990.00 321 7
344 2146.00 1377.00 321 70
345 733.00 3125.00 321 16
346 944.00 3127.00 321 40
347 212.00 745.00 321 37
348 1548.00 2553.00 321 3
349 300.00 163.00 321 78
350 484.00 185.00 321 9
351 2801.00 2376.00 321 40
352 1159.00 2315.00 321 61
353 1950.00 1068.00 321 7
354 1391.00 1776.00 321 56
355 1795.00 3320.00 321 90
356 1583.00 2933.00 321 63
357 48.00 2408.00 321 48
358 1941.00 285.00 321 7
359 1488.00 1715.00 321 6
360 897.00 3859.00 321 28
361 2195.00 1378.00 321 89
362 1146.00 690.00 321 28
363 319.00 1239.00 321 56
364 2252.00 1521.00 321 70
365 475.00 1473.00 321 13
366 732.00 3804.00 321 31
367 437.00 532.00 321 78
368 2009.00 2622.00 321 81
369 1796.00 3358.00 321 100
370 639.00 1298.00 321 66
371 2714.00 2345.00 321 70
372 15.00 1714.00 321 33
373 736.00 3164.00 321 11
374 2524.00 54.00 321 52
375 2493.00 1601.00 321 70
376 1584.00 3417.00 321 97
377 2075.00 3104.00 321 51
378 2058.00 981.00 321 44
379 156.00 3203.00 321 58
380 11.00 2872.00 321 71
381 235.00 1838.00 321 84
382 1451.00 1561.00 321 59
383 1574.00 1763.00 321 77
384 524.00 1143.00 321 75
385 51.00 1175.00 321 33
386 2465.00 1190.00 321 21
387 2097.00 227.00 321 5
388 13.00 1368.00 321 29
389 1971.00 1600.00 321 59
390 1370.00 3723.00 321 65
391 1182.00 339.00 321 16
392 2618.00 1756.00 321 7
393 2831.00 1158.00 321 43
394 945.00 3359.00 321 70
395 561.00 3724.00 321 20
396 2265.00 689.00 321 48
397 75.00 3462.00 321 59
398 233.00 802.00 321 83
399 1670.00 2200.00 321 20
400 90.00 2565.00 321 83
401 2493.00 3170.00 321 84
402 396.00 3418.00 321 1
403 1234.00 2963.00 321 23
404 1749.00 1293.00 321 85
405 2376.00 2943.00 321 26
406 1669.00 2274.00 321 24
407 596.00 2787.00 321 75
408 2348.00 125.00 321 57
409 1699.00 2702.00 321 42
410 2800.00 654.00 321 68
411 2543.00 131.00 321 19
412 1256.00 1899.00 321 48
413 281.00 1395.00 321 14
414 1372.00 3128.00 321 61
415 1886.00 697.00 321 3
416 1678.00 1524.00 321 58
417 674.00 3802.00 321 63
418 534.00 2179.00 321 68
419 904.00 3793.00 321 93
420 2351.00 534.00 321 46
421 1452.00 492.00 321 77
422 889.00 2159.00 321 46
423 710.00 1301.00 321 97
424 2762.00 617.00 321 20
425 453.00 162.00 321 7
426 716.00 1899.00 321 20
427 119.00 573.00 321 64
428 944.00 3021.00 321 70
429 281.00 2278.00 321 63
430 1062.00 3203.00 321 1
431 36.00 3460.00 321 96
432 636.00 2944.00 321 29
433 1741.00 730.00 321 88
434 1375.00 1231.00 321 88
435 2321.00 1717.00 321 27
436 2175.00 3029.00 321 90
437 2568.00 3119.00 321 97
438 397.00 3339.00 321 38
439 1949.00 3811.00 321 90
440 90.00 2373.00 321 78
441 4.00 602.00 321 49
442 1142.00 529.00 321 62
443 53.00 1057.00 321 58
444 1254.00 283.00 321 70
445 842.00 631.00 321 53
446 1170.00 1408.00 321 64
447 1155.00 3166.00 321 44
448 1942.00 209.00 321 84
449 2241.00 2062.00 321 61
450 2628.00 1715.00 321 59
451 970.00 3018.00 321 47
452 850.00 2854.00 321 26
453 656.00 2509.00 321 56
454 154.00 3707.00 321 46
455 2799.00 1409.00 321 22
456 709.00 1261.00 321 90
457 1055.00 1400.00 321 63
458 947.00 2662.00 321 77
459 2264.00 1220.00 321 79
460 282.00 2717.00 321 17
461 642.00 128.00 321 5
462 1417.00 128.00 321 81
463 2222.00 2990.00 321 32
464 1001.00 514.00 321 76
465 2493.00 2100.00 321 80
466 2800.00 1856.00 321 51
467 367.00 2238.00 321 21
468 2551.00 1717.00 321 67
469 2290.00 2585.00 321 4
470 1911.00 2779.00 321 68
471 1937.00 53.00 321 2
472 1856.00 1562.00 321 48
473 366.00 604.00 321 17
474 1563.00 1524.00 321 35
475 2761.00 540.00 321 67
476 2352.00 691.00 321 49
477 2351.00 1040.00 321 55
478 2549.00 1832.00 321 28
479 10.00 2601.00 321 41
480 107.00 3256.00 321 35
481 1758.00 2317.00 321 7
482 1787.00 2274.00 321 18
483 2301.00 2896.00 321 42
484 863.00 2987.00 321 84
485 1047.00 887.00 321 82
486 155.00 3551.00 321 96
487 2029.00 1755.00 321 51
488 2350.00 827.00 321 28
489 694.00 1955.00 321 36
490 1669.00 2391.00 321 23
491 443.00 3519.00 321 77
492 299.00 941.00 321 8
493 642.00 688.00 321 52
494 1273.00 3239.00 321 77
495 347.00 3687.00 321 23
496 166.00 1084.00 321 58
497 321.00 2910.00 321 66
498 1701.00 2742.00 321 50
499 281.00 1743.00 321 54
500 1547.00 2699.00 321 78