100 17
0 1433.00 2055.00
1 1408.00 3862.00 321 15
2 1717.00 1484.00 321 90
3 1157.00 2042.00 321 86
4 1428.00 2391.00 321 70
5 1369.00 2894.00 321 71
6 1155.00 2472.00 321 88
7 54.00 48.00 321 33
8 520.00 3760.00 321 92
9 2202.00 1673.00 321 47
10 2104.00 3684.00 321 67
11 2549.00 2393.00 321 85
12 2163.00 2624.00 321 37
13 2010.00 488.00 321 89
14 120.00 805.00 321 71
15 1370.00 3765.00 321 83
16 1988.00 2934.00 321 67
17 1989.00 2818.00 321 31
18 1158.00 3088.00 321 33
19 2378.00 2425.00 321 76
20 521.00 841.00 321 68
21 10.00 1637.00 321 31
22 521.00 2941.00 321 6
23 1380.00 2239.00 321 29
24 944.00 3127.00 321 40
25 1796.00 3358.00 321 100
26 1700.00 3109.00 321 48
27 726.00 287.00 321 28
28 205.00 987.00 321 73
29 1970.00 1754.00 321 48
30 790.00 1523.00 321 66
31 945.00 3275.00 321 50
32 1452.00 1406.00 321 71
33 2531.00 2827.00 321 65
34 1157.00 3530.00 321 12
35 1108.00 2912.00 321 80
36 526.00 204.00 321 46
37 2763.00 656.00 321 16
38 2657.00 1236.00 321 37
39 1808.00 453.00 321 55
40 2468.00 283.00 321 64
41 1357.00 1068.00 321 9
42 887.00 2468.00 321 63
43 281.00 1318.00 321 89
44 1031.00 3009.00 321 29
45 1622.00 3648.00 321 97
46 2378.00 1789.00 321 37
47 904.00 3793.00 321 93
48 1699.00 2778.00 321 4
49 658.00 2239.00 321 96
50 2475.00 1008.00 321 68
51 169.00 1743.00 321 87
52 2617.00 1195.00 321 99
53 1319.00 48.00 321 77
54 1645.00 129.00 321 66
55 368.00 2160.00 321 53
56 2145.00 2316.00 321 16
57 641.00 805.00 321 18
58 534.00 2179.00 321 68
59 1488.00 2735.00 321 61
60 1362.00 2602.00 321 47
61 344.00 3839.00 321 92
62 322.00 524.00 321 21
63 1488.00 1562.00 321 94
64 869.00 1870.00 321 26
65 2067.00 1107.00 321 14
66 1392.00 3504.00 321 18
67 463.00 2438.00 321 43
68 279.00 2527.00 321 72
69 1991.00 187.00 321 29
70 2299.00 2816.00 321 22
71 2797.00 3389.00 321 50
72 2540.00 1398.00 321 60
73 1605.00 1190.00 321 46
74 1320.00 3201.00 321 91
75 2702.00 1003.00 321 27
76 896.00 1027.00 321 72
77 1198.00 2238.00 321 44
78 1064.00 2739.00 321 96
79 2230.00 2254.00 321 8
80 318.00 2352.00 321 74
81 674.00 1868.00 321 33
82 2666.00 2328.00 321 37
83 2647.00 2711.00 321 73
84 1913.00 1787.00 321 7
85 88.00 2835.00 321 47
86 2800.00 1331.00 321 83
87 2760.00 2259.00 321 14
88 1258.00 864.00 321 64
89 64.00 453.00 321 99
90 681.00 164.00 321 57
91 2185.00 2853.00 321 21
92 2568.00 3274.00 321 23
93 2485.00 36.00 321 32
94 1488.00 3878.00 321 57
95 1640.00 3473.00 321 14
96 598.00 2432.00 321 59
97 2319.00 2396.00 321 36
98 1709.00 2429.00 321 23
99 1078.00 1154.00 321 61
100 1119.00 2573.00 321 40