500 90
0 1319.00 2041.00
1 1159.00 2315.00 321 61
2 1134.00 128.00 321 45
3 520.00 2899.00 321 37
4 1650.00 856.00 321 38
5 2800.00 2411.00 321 22
6 2801.00 1507.00 321 47
7 2203.00 2391.00 321 63
8 2761.00 1621.00 321 22
9 442.00 3919.00 321 68
10 15.00 1678.00 321 57
11 2618.00 1756.00 321 7
12 850.00 3162.00 321 87
13 1453.00 572.00 321 39
14 204.00 2643.00 321 64
15 2287.00 2169.00 321 34
16 672.00 3241.00 321 22
17 1260.00 533.00 321 30
18 2548.00 2025.00 321 7
19 2185.00 2738.00 321 30
20 127.00 2180.00 321 79
21 1567.00 1171.00 321 54
22 1157.00 3843.00 321 73
23 1272.00 3567.00 321 38
24 476.00 1830.00 321 21
25 933.00 726.00 321 82
26 735.00 2741.00 321 80
27 163.00 2683.00 321 12
28 1370.00 3528.00 321 62
29 1846.00 168.00 321 10
30 36.00 3460.00 321 96
31 1208.00 1406.00 321 11
32 728.00 86.00 321 34
33 2543.00 131.00 321 19
34 521.00 2669.00 321 19
35 1731.00 325.00 321 66
36 726.00 117.00 321 56
37 1855.00 2236.00 321 77
38 203.00 2197.00 321 71
39 269.00 3197.00 321 62
40 283.00 1122.00 321 78
41 943.00 3530.00 321 75
42 1249.00 163.00 321 78
43 2801.00 1370.00 321 57
44 558.00 3240.00 321 50
45 1157.00 3530.00 321 12
46 484.00 2748.00 321 8
47 733.00 3125.00 321 16
48 368.00 2160.00 321 53
49 2261.00 1026.00 321 87
50 2570.00 1004.00 321 42
51 2494.00 1559.00 321 10
52 2108.00 3123.00 321 83
53 213.00 3824.00 321 74
54 1183.00 863.00 321 94
55 436.00 1627.00 321 5
56 203.00 2120.00 321 3
57 2494.00 2391.00 321 67
58 113.00 3610.00 321 24
59 2296.00 3205.00 321 39
60 1488.00 3878.00 321 57
61 843.00 864.00 321 86
62 1202.00 1000.00 321 100
63 1158.00 3088.00 321 33
64 1701.00 3223.00 321 37
65 1004.00 1636.00 321 92
66 523.00 1103.00 321 31
67 307.00 3501.00 321 76
68 1452.00 534.00 321 7
69 2349.00 168.00 321 86
70 457.00 320.00 321 13
71 321.00 1859.00 321 9
72 1448.00 1524.00 321 10
73 279.00 2236.00 321 100
74 2803.00 1034.00 321 62
75 2268.00 3813.00 321 37
76 1698.00 3649.00 321 56
77 2467.00 208.00 321 39
78 1171.00 1055.00 321 80
79 675.00 1521.00 321 70
80 2143.00 2161.00 321 70
81 461.00 3235.00 321 40
82 1440.00 167.00 321 82
83 2800.00 1548.00 321 89
84 1837.00 438.00 321 21
85 205.00 2699.00 321 56
86 2136.00 2641.00 321 78
87 1059.00 3763.00 321 3
88 1797.00 2857.00 321 48
89 1259.00 648.00 321 80
90 675.00 3684.00 321 66
91 2107.00 2740.00 321 39
92 2205.00 2602.00 321 88
93 167.00 1901.00 321 44
94 112.00 3739.00 321 68
95 2493.00 3248.00 321 21
96 155.00 3551.00 321 96
97 2760.00 3409.00 321 46
98 1580.00 3722.00 321 53
99 634.00 1596.00 321 21
100 428.00 843.00 321 45
101 126.00 2683.00 321 63
102 1158.00 3765.00 321 75
103 707.00 1146.00 321 33
104 1158.00 3569.00 321 59
105 889.00 2509.00 321 11
106 86.00 2524.00 321 81
107 2657.00 1236.00 321 37
108 805.00 594.00 321 97
109 2218.00 303.00 321 76
110 1157.00 2042.00 321 86
111 1910.00 3649.00 321 19
112 2549.00 2103.00 321 40
113 2027.00 2317.00 321 77
114 406.00 3743.00 321 9
115 2352.00 574.00 321 3
116 1137.00 1134.00 321 9
117 128.00 1753.00 321 77
118 636.00 2631.00 321 17
119 1921.00 2314.00 321 12
120 1027.00 998.00 321 59
121 521.00 2140.00 321 5
122 2241.00 2062.00 321 61
123 1161.00 2815.00 321 83
124 847.00 2736.00 321 46
125 2760.00 2066.00 321 22
126 850.00 3242.00 321 33
127 2299.00 3125.00 321 4
128 945.00 3275.00 321 50
129 1855.00 576.00 321 22
130 127.00 1713.00 321 58
131 654.00 571.00 321 100
132 2253.00 1463.00 321 70
133 793.00 2081.00 321 90
134 1238.00 1210.00 321 89
135 2321.00 1794.00 321 45
136 1699.00 3069.00 321 71
137 1583.00 3182.00 321 20
138 2378.00 2624.00 321 80
139 135.00 3510.00 321 71
140 2377.00 2825.00 321 17
141 2167.00 2537.00 321 24
142 1729.00 2913.00 321 46
143 2539.00 1231.00 321 92
144 1283.00 86.00 321 75
145 120.00 882.00 321 12
146 1064.00 3162.00 321 32
147 473.00 3011.00 321 98
148 1375.00 1231.00 321 88
149 428.00 768.00 321 8
150 1535.00 2668.00 321 87
151 2659.00 441.00 321 40
152 689.00 2693.00 321 54
153 437.00 1862.00 321 41
154 2301.00 2896.00 321 42
155 1218.00 861.00 321 7
156 1848.00 249.00 321 20
157 2290.00 2230.00 321 30
158 154.00 3241.00 321 24
159 114.00 3585.00 321 65
160 1489.00 2235.00 321 74
161 2542.00 657.00 321 57
162 1042.00 1706.00 321 83
163 2009.00 2024.00 321 81
164 599.00 1908.00 321 94
165 704.00 2834.00 321 83
166 2377.00 2547.00 321 91
167 639.00 1298.00 321 66
168 734.00 3087.00 321 58
169 2605.00 3136.00 321 64
170 1641.00 322.00 321 21
171 281.00 2832.00 321 74
172 2097.00 227.00 321 5
173 2568.00 3037.00 321 1
174 272.00 3161.00 321 94
175 300.00 163.00 321 78
176 78.00 1990.00 321 7
177 1199.00 2162.00 321 71
178 279.00 2527.00 321 72
179 1059.00 2933.00 321 32
180 2647.00 2711.00 321 73
181 1369.00 2894.00 321 71
182 1439.00 3890.00 321 28
183 2317.00 468.00 321 89
184 1331.00 3871.00 321 80
185 1198.00 2043.00 321 99
186 2377.00 2981.00 321 55
187 1394.00 2722.00 321 56
188 1061.00 3801.00 321 46
189 11.00 2256.00 321 87
190 34.00 632.00 321 61
191 2229.00 406.00 321 72
192 14.00 1521.00 321 78
193 2350.00 652.00 321 49
194 2761.00 3369.00 321 67
195 378.00 1551.00 321 16
196 49.00 1404.00 321 29
197 1412.00 1054.00 321 79
198 2549.00 2473.00 321 32
199 1710.00 655.00 321 12
200 1234.00 2182.00 321 10
201 598.00 2551.00 321 96
202 1583.00 3801.00 321 46
203 1046.00 246.00 321 54
204 1313.00 2156.00 321 66
205 713.00 1570.00 321 24
206 1153.00 387.00 321 72
207 1529.00 86.00 321 89
208 -57.00 32.00 321 57
209 641.00 1415.00 321 41
210 2531.00 2827.00 321 65
211 1170.00 1251.00 321 69
212 733.00 3880.00 321 5
213 1156.00 3801.00 321 98
214 214.00 951.00 321 84
215 1105.00 805.00 321 66
216 438.00 49.00 321 82
217 482.00 2784.00 321 44
218 882.00 1143.00 321 61
219 2462.00 1112.00 321 43
220 703.00 3459.00 321 64
221 483.00 2939.00 321 56
222 474.00 1277.00 321 25
223 1298.00 574.00 321 45
224 186.00 285.00 321 37
225 1374.00 3358.00 321 1
226 202.00 2353.00 321 54
227 1410.00 1627.00 321 48
228 204.00 2836.00 321 50
229 1911.00 3416.00 321 80
230 996.00 1261.00 321 99
231 2425.00 1394.00 321 89
232 928.00 2354.00 321 79
233 187.00 1260.00 321 38
234 2761.00 731.00 321 93
235 2568.00 3079.00 321 34
236 1094.00 1355.00 321 34
237 2424.00 3426.00 321 92
238 127.00 2874.00 321 92
239 1741.00 658.00 321 74
240 260.00 1514.00 321 50
241 848.00 3647.00 321 79
242 86.00 1211.00 321 74
243 1988.00 2857.00 321 97
244 2266.00 534.00 321 20
245 1533.00 1492.00 321 58
246 2029.00 2665.00 321 40
247 1430.00 2238.00 321 13
248 1669.00 2161.00 321 25
249 1855.00 1794.00 321 47
250 2310.00 1927.00 321 53
251 1642.00 1871.00 321 32
252 1950.00 1068.00 321 7
253 2136.00 939.00 321 4
254 1586.00 2894.00 321 65
255 435.00 1357.00 321 40
256 154.00 3278.00 321 36
257 1540.00 610.00 321 7
258 843.00 1399.00 321 96
259 2376.00 3408.00 321 79
260 1488.00 1562.00 321 94
261 229.00 452.00 321 47
262 349.00 3124.00 321 84
263 2465.00 129.00 321 38
264 164.00 2799.00 321 31
265 2265.00 1375.00 321 57
266 111.00 168.00 321 43
267 2418.00 836.00 321 27
268 1372.00 3087.00 321 41
269 -4.00 3873.00 321 23
270 1954.00 972.00 321 15
271 2205.00 2197.00 321 92
272 1354.00 1288.00 321 71
273 1363.00 2662.00 321 79
274 2115.00 2584.00 321 52
275 327.00 3629.00 321 43
276 523.00 1377.00 321 64
277 1279.00 990.00 321 1
278 1731.00 288.00 321 29
279 2195.00 1378.00 321 89
280 2028.00 1526.00 321 88
281 2106.00 3416.00 321 28
282 1576.00 708.00 321 71
283 2303.00 767.00 321 64
284 204.00 2799.00 321 39
285 1697.00 1389.00 321 72
286 485.00 2903.00 321 91
287 128.00 2489.00 321 63
288 320.00 1430.00 321 25
289 929.00 535.00 321 95
290 1789.00 2368.00 321 38
291 1832.00 3298.00 321 83
292 128.00 1213.00 321 16
293 128.00 2080.00 321 8
294 155.00 3822.00 321 18
295 10.00 2601.00 321 41
296 2762.00 617.00 321 20
297 2111.00 466.00 321 93
298 2147.00 282.00 321 6
299 2621.00 -5.00 321 46
300 90.00 1483.00 321 61
301 280.00 2392.00 321 95
302 642.00 208.00 321 19
303 346.00 3762.00 321 64
304 933.00 127.00 321 19
305 1986.00 3724.00 321 71
306 2491.00 2942.00 321 37
307 2454.00 3444.00 321 100
308 2800.00 460.00 321 94
309 270.00 3820.00 321 49
310 2800.00 1698.00 321 82
311 558.00 3685.00 321 5
312 429.00 804.00 321 43
313 2733.00 2374.00 321 76
314 1415.00 327.00 321 18
315 2800.00 1216.00 321 50
316 1795.00 3840.00 321 48
317 156.00 3791.00 321 69
318 86.00 1248.00 321 8
319 821.00 1298.00 321 32
320 601.00 575.00 321 71
321 126.00 2720.00 321 59
322 436.00 1396.00 321 64
323 889.00 2045.00 321 69
324 2267.00 325.00 321 26
325 280.00 2195.00 321 45
326 829.00 3000.00 321 56
327 1698.00 2894.00 321 61
328 2184.00 3201.00 321 54
329 165.00 2197.00 321 81
330 1539.00 689.00 321 40
331 437.00 1744.00 321 8
332 2658.00 208.00 321 66
333 365.00 2427.00 321 1
334 2103.00 3318.00 321 53
335 769.00 1906.00 321 89
336 2263.00 1104.00 321 59
337 10.00 2754.00 321 59
338 2327.00 3416.00 321 1
339 689.00 843.00 321 96
340 388.00 3548.00 321 100
341 2762.00 459.00 321 61
342 1699.00 3183.00 321 48
343 946.00 3803.00 321 41
344 50.00 1288.00 321 24
345 2106.00 3359.00 321 22
346 53.00 1600.00 321 83
347 11.00 2563.00 321 95
348 2665.00 1679.00 321 58
349 1584.00 3223.00 321 44
350 2322.00 1755.00 321 7
351 346.00 1899.00 321 12
352 943.00 3242.00 321 47
353 1991.00 187.00 321 29
354 167.00 1239.00 321 98
355 1719.00 1525.00 321 50
356 1162.00 465.00 321 74
357 1157.00 3282.00 321 60
358 1640.00 1525.00 321 33
359 35.00 248.00 321 42
360 2515.00 3013.00 321 69
361 457.00 122.00 321 67
362 1990.00 3088.00 321 73
363 204.00 2759.00 321 61
364 1796.00 2665.00 321 99
365 2657.00 1159.00 321 90
366 2762.00 591.00 321 2
367 1351.00 2340.00 321 92
368 808.00 3444.00 321 26
369 271.00 3916.00 321 29
370 697.00 2630.00 321 31
371 1141.00 768.00 321 89
372 1796.00 3358.00 321 100
373 1031.00 3009.00 321 29
374 598.00 2432.00 321 59
375 1631.00 1473.00 321 41
376 2493.00 2100.00 321 80
377 1370.00 3569.00 321 71
378 2567.00 3234.00 321 40
379 1362.00 2602.00 321 47
380 2058.00 248.00 321 66
381 2194.00 1921.00 321 55
382 829.00 1870.00 321 99
383 1488.00 2735.00 321 61
384 1061.00 3682.00 321 94
385 2566.00 3386.00 321 96
386 1866.00 1251.00 321 54
387 1986.00 3766.00 321 84
388 2388.00 1209.00 321 82
389 1544.00 2775.00 321 50
390 2222.00 2990.00 321 32
391 929.00 846.00 321 18
392 1330.00 244.00 321 27
393 49.00 2564.00 321 79
394 1786.00 2200.00 321 10
395 2494.00 2429.00 321 85
396 1372.00 3128.00 321 61
397 596.00 2748.00 321 70
398 305.00 325.00 321 18
399 2144.00 1793.00 321 46
400 114.00 3600.00 321 76
401 2106.00 3277.00 321 31
402 365.00 2582.00 321 81
403 2864.00 3474.00 321 17
404 1083.00 1384.00 321 52
405 1736.00 537.00 321 96
406 1574.00 1763.00 321 77
407 2348.00 2396.00 321 70
408 2348.00 1270.00 321 56
409 2667.00 2025.00 321 88
410 1451.00 1561.00 321 59
411 561.00 3724.00 321 20
412 2667.00 2104.00 321 89
413 391.00 1086.00 321 97
414 2732.00 3467.00 321 57
415 1213.00 3625.00 321 26
416 1140.00 1523.00 321 38
417 2204.00 2430.00 321 38
418 2801.00 2262.00 321 79
419 1749.00 1330.00 321 37
420 2665.00 1935.00 321 80
421 2058.00 328.00 321 91
422 1357.00 1068.00 321 9
423 1680.00 1870.00 321 94
424 87.00 1240.00 321 1
425 2762.00 2676.00 321 68
426 637.00 1222.00 321 60
427 2251.00 1813.00 321 70
428 762.00 2117.00 321 61
429 1930.00 2024.00 321 33
430 1697.00 3847.00 321 91
431 1047.00 887.00 321 82
432 165.00 2081.00 321 3
433 1319.00 48.00 321 77
434 460.00 3489.00 321 8
435 1488.00 2659.00 321 69
436 1159.00 3611.00 321 57
437 2224.00 1066.00 321 71
438 931.00 570.00 321 87
439 426.00 685.00 321 46
440 1570.00 1092.00 321 68
441 596.00 2671.00 321 8
442 1526.00 1870.00 321 96
443 415.00 2292.00 321 70
444 1343.00 3049.00 321 74
445 1854.00 1523.00 321 98
446 1056.00 1249.00 321 86
447 2265.00 203.00 321 24
448 9.00 2448.00 321 17
449 1669.00 2274.00 321 24
450 2062.00 3604.00 321 44
451 484.00 2863.00 321 48
452 861.00 2487.00 321 22
453 270.00 3624.00 321 70
454 558.00 3317.00 321 27
455 2149.00 1143.00 321 89
456 521.00 729.00 321 50
457 1602.00 1871.00 321 76
458 1357.00 1251.00 321 53
459 946.00 3647.00 321 86
460 1795.00 3277.00 321 7
461 1238.00 1444.00 321 82
462 311.00 839.00 321 42
463 2761.00 1775.00 321 26
464 2568.00 3466.00 321 78
465 15.00 1210.00 321 58
466 299.00 941.00 321 8
467 2791.00 306.00 321 12
468 2349.00 1232.00 321 6
469 1273.00 2933.00 321 12
470 751.00 1867.00 321 53
471 1584.00 3686.00 321 71
472 1174.00 1179.00 321 79
473 2184.00 3277.00 321 16
474 2624.00 1273.00 321 87
475 578.00 3144.00 321 69
476 1796.00 2816.00 321 54
477 2349.00 286.00 321 28
478 610.00 503.00 321 40
479 804.00 2041.00 321 91
480 490.00 3277.00 321 40
481 10.00 2834.00 321 19
482 1735.00 170.00 321 98
483 1004.00 3059.00 321 5
484 1380.00 2004.00 321 99
485 991.00 165.00 321 55
486 2146.00 1870.00 321 56
487 1332.00 3792.00 321 60
488 946.00 2740.00 321 31
489 733.00 3277.00 321 50
490 848.00 3727.00 321 54
491 2798.00 3350.00 321 27
492 734.00 3320.00 321 9
493 2798.00 3796.00 321 64
494 635.00 2822.00 321 28
495 1588.00 3102.00 321 46
496 1605.00 1190.00 321 46
497 1175.00 1522.00 321 75
498 484.00 2516.00 321 70
499 2830.00 347.00 321 43
500 1652.00 575.00 321 15