100 15
0 1210.00 1933.00
1 1604.00 2272.00 321 43
2 281.00 1355.00 321 20
3 1846.00 91.00 321 9
4 1248.00 2241.00 321 13
5 444.00 3036.00 321 48
6 598.00 2354.00 321 97
7 164.00 2159.00 321 62
8 1586.00 2815.00 321 9
9 1452.00 492.00 321 77
10 596.00 2122.00 321 30
11 1441.00 204.00 321 63
12 2203.00 1521.00 321 44
13 1698.00 3605.00 321 2
14 319.00 1239.00 321 56
15 2798.00 2102.00 321 27
16 970.00 3018.00 321 47
17 250.00 3220.00 321 20
18 483.00 2592.00 321 53
19 1274.00 2814.00 321 2
20 1199.00 2162.00 321 71
21 1832.00 3298.00 321 83
22 367.00 2118.00 321 95
23 1893.00 1348.00 321 83
24 1795.00 3726.00 321 31
25 1402.00 574.00 321 14
26 457.00 320.00 321 13
27 1140.00 1814.00 321 51
28 2029.00 1755.00 321 51
29 928.00 2354.00 321 79
30 1369.00 3317.00 321 81
31 1336.00 650.00 321 55
32 1450.00 1132.00 321 88
33 1274.00 3528.00 321 15
34 1370.00 3528.00 321 62
35 526.00 323.00 321 20
36 598.00 2592.00 321 76
37 524.00 122.00 321 83
38 319.00 2394.00 321 88
39 282.00 2717.00 321 17
40 639.00 2595.00 321 57
41 1488.00 2429.00 321 28
42 1156.00 2240.00 321 46
43 1679.00 1696.00 321 17
44 1250.00 245.00 321 75
45 1523.00 1524.00 321 15
46 1547.00 3703.00 321 24
47 656.00 2082.00 321 14
48 374.00 3609.00 321 78
49 2543.00 847.00 321 29
50 2183.00 3122.00 321 70
51 821.00 1298.00 321 32
52 1777.00 2471.00 321 4
53 1741.00 730.00 321 88
54 1971.00 2317.00 321 86
55 1583.00 2660.00 321 82
56 1487.00 2351.00 321 46
57 1567.00 1405.00 321 72
58 811.00 1642.00 321 21
59 235.00 843.00 321 63
60 1158.00 3569.00 321 59
61 928.00 2200.00 321 34
62 262.00 436.00 321 50
63 149.00 207.00 321 41
64 2624.00 1273.00 321 87
65 1518.00 455.00 321 39
66 126.00 2720.00 321 59
67 1094.00 1355.00 321 34
68 1680.00 2515.00 321 29
69 2540.00 1358.00 321 7
70 1669.00 2121.00 321 78
71 1989.00 2818.00 321 31
72 2641.00 411.00 321 97
73 2761.00 731.00 321 93
74 1795.00 3686.00 321 22
75 1102.00 1910.00 321 54
76 886.00 2315.00 321 25
77 681.00 164.00 321 57
78 1796.00 3243.00 321 16
79 1601.00 2237.00 321 17
80 273.00 3356.00 321 8
81 34.00 632.00 321 61
82 128.00 1213.00 321 16
83 1530.00 245.00 321 66
84 1570.00 1092.00 321 68
85 127.00 2528.00 321 11
86 136.00 3468.00 321 98
87 1468.00 2613.00 321 20
88 886.00 2430.00 321 65
89 1969.00 2433.00 321 78
90 2263.00 1104.00 321 59
91 1053.00 1284.00 321 100
92 1224.00 3184.00 321 85
93 2436.00 1431.00 321 19
94 64.00 3374.00 321 79
95 15.00 1210.00 321 58
96 2621.00 -5.00 321 46
97 367.00 1268.00 321 41
98 887.00 2201.00 321 20
99 1517.00 2196.00 321 13
100 1060.00 1522.00 321 45