2000 400
0 1345.00 1936.00
1 2605.00 3109.00 321 38
2 692.00 3587.00 321 87
3 597.00 1521.00 321 85
4 2763.00 1255.00 321 67
5 204.00 2836.00 321 50
6 928.00 3742.00 321 55
7 394.00 3260.00 321 84
8 2495.00 3059.00 321 77
9 2548.00 1524.00 321 42
10 1452.00 1252.00 321 84
11 1265.00 2560.00 321 3
12 2801.00 2262.00 321 79
13 1868.00 1174.00 321 31
14 825.00 1144.00 321 63
15 2801.00 1178.00 321 29
16 1988.00 2857.00 321 97
17 2545.00 92.00 321 62
18 87.00 2258.00 321 5
19 2761.00 1659.00 321 52
20 674.00 3648.00 321 68
21 165.00 2042.00 321 27
22 187.00 1260.00 321 38
23 2865.00 3515.00 321 23
24 1717.00 1291.00 321 27
25 205.00 987.00 321 73
26 2299.00 3125.00 321 4
27 2495.00 941.00 321 24
28 2494.00 3095.00 321 45
29 855.00 706.00 321 43
30 1171.00 1055.00 321 80
31 14.00 1406.00 321 45
32 1736.00 2719.00 321 42
33 1273.00 2664.00 321 55
34 1273.00 2933.00 321 12
35 2349.00 168.00 321 86
36 843.00 322.00 321 71
37 1488.00 2735.00 321 61
38 2204.00 1596.00 321 85
39 1941.00 771.00 321 100
40 33.00 323.00 321 37
41 128.00 1405.00 321 1
42 52.00 493.00 321 56
43 1580.00 3722.00 321 53
44 349.00 3124.00 321 84
45 1409.00 2886.00 321 39
46 2106.00 3359.00 321 22
47 154.00 3162.00 321 3
48 2350.00 1075.00 321 66
49 2492.00 2825.00 321 80
50 2203.00 2014.00 321 77
51 166.00 1587.00 321 25
52 1027.00 998.00 321 59
53 598.00 2161.00 321 34
54 2592.00 521.00 321 25
55 2266.00 651.00 321 53
56 387.00 2554.00 321 99
57 1669.00 2356.00 321 40
58 494.00 2458.00 321 25
59 1279.00 990.00 321 1
60 2348.00 1307.00 321 27
61 676.00 3877.00 321 77
62 320.00 2757.00 321 62
63 1238.00 1408.00 321 66
64 147.00 322.00 321 55
65 1160.00 2776.00 321 52
66 1394.00 2722.00 321 56
67 2057.00 285.00 321 12
68 1854.00 1523.00 321 98
69 713.00 1520.00 321 7
70 2491.00 1676.00 321 69
71 50.00 1328.00 321 3
72 1695.00 3877.00 321 70
73 2548.00 2258.00 321 67
74 128.00 2489.00 321 63
75 640.00 842.00 321 42
76 2147.00 611.00 321 42
77 1488.00 3570.00 321 53
78 1970.00 2120.00 321 49
79 2606.00 3333.00 321 70
80 2349.00 208.00 321 22
81 2467.00 765.00 321 79
82 635.00 2748.00 321 66
83 2761.00 731.00 321 93
84 2465.00 1190.00 321 21
85 2266.00 730.00 321 67
86 2424.00 3426.00 321 92
87 521.00 1784.00 321 3
88 1909.00 3357.00 321 32
89 1598.00 1995.00 321 88
90 1785.00 2005.00 321 99
91 1697.00 3568.00 321 88
92 2494.00 3403.00 321 62
93 1832.00 3339.00 321 54
94 1409.00 1871.00 321 26
95 639.00 2595.00 321 57
96 170.00 1131.00 321 55
97 2791.00 345.00 321 100
98 2291.00 1221.00 321 79
99 1370.00 3528.00 321 62
100 478.00 1394.00 321 32
101 -57.00 32.00 321 57
102 1085.00 928.00 321 17
103 1848.00 132.00 321 24
104 346.00 3762.00 321 64
105 1613.00 3420.00 321 86
106 127.00 1485.00 321 48
107 2618.00 1756.00 321 7
108 1045.00 608.00 321 23
109 999.00 1181.00 321 72
110 475.00 1431.00 321 4
111 1230.00 225.00 321 74
112 1412.00 1054.00 321 79
113 78.00 1990.00 321 7
114 1668.00 2003.00 321 40
115 511.00 3840.00 321 82
116 1533.00 647.00 321 37
117 1239.00 1329.00 321 23
118 2348.00 940.00 321 61
119 2605.00 3136.00 321 64
120 1218.00 1872.00 321 20
121 928.00 2200.00 321 34
122 2524.00 54.00 321 52
123 1866.00 1292.00 321 29
124 1140.00 1523.00 321 38
125 1239.00 1250.00 321 40
126 2349.00 1831.00 321 46
127 64.00 3374.00 321 79
128 1271.00 2701.00 321 81
129 1375.00 1231.00 321 88
130 1337.00 493.00 321 63
131 1540.00 767.00 321 13
132 2761.00 1369.00 321 24
133 37.00 3701.00 321 47
134 2379.00 2254.00 321 88
135 2188.00 642.00 321 16
136 1700.00 3143.00 321 76
137 1567.00 1251.00 321 39
138 1750.00 1371.00 321 98
139 2264.00 1220.00 321 79
140 1950.00 1068.00 321 7
141 886.00 2430.00 321 65
142 204.00 2428.00 321 55
143 2107.00 2661.00 321 57
144 849.00 2699.00 321 56
145 2831.00 231.00 321 34
146 1277.00 1193.00 321 47
147 2134.00 1951.00 321 47
148 2107.00 1327.00 321 56
149 1371.00 3683.00 321 11
150 270.00 3742.00 321 97
151 1489.00 2235.00 321 74
152 2475.00 833.00 321 93
153 2204.00 2043.00 321 43
154 2301.00 2896.00 321 42
155 2790.00 115.00 321 20
156 1334.00 1754.00 321 28
157 2397.00 70.00 321 87
158 118.00 688.00 321 47
159 1988.00 2893.00 321 42
160 1132.00 162.00 321 19
161 394.00 2750.00 321 35
162 521.00 2140.00 321 5
163 2104.00 3684.00 321 67
164 427.00 728.00 321 79
165 2438.00 875.00 321 3
166 2173.00 1462.00 321 98
167 2543.00 170.00 321 29
168 1487.00 3722.00 321 82
169 10.00 2834.00 321 19
170 2792.00 384.00 321 42
171 734.00 3723.00 321 56
172 640.00 766.00 321 53
173 628.00 1762.00 321 25
174 2204.00 2273.00 321 13
175 2530.00 2710.00 321 12
176 2029.00 1599.00 321 40
177 1239.00 1288.00 321 84
178 2400.00 333.00 321 13
179 222.00 2140.00 321 17
180 707.00 1146.00 321 33
181 2762.00 617.00 321 20
182 321.00 2604.00 321 59
183 2468.00 1310.00 321 34
184 2111.00 428.00 321 15
185 1095.00 1424.00 321 71
186 1855.00 615.00 321 11
187 2628.00 1435.00 321 64
188 49.00 2334.00 321 73
189 523.00 1256.00 321 55
190 2539.00 1231.00 321 92
191 2792.00 35.00 321 48
192 2026.00 2992.00 321 59
193 1732.00 449.00 321 86
194 706.00 1181.00 321 89
195 729.00 863.00 321 76
196 1797.00 3163.00 321 93
197 50.00 2643.00 321 6
198 -47.00 512.00 321 32
199 2326.00 306.00 321 62
200 1871.00 2526.00 321 13
201 520.00 2709.00 321 75
202 368.00 2039.00 321 19
203 596.00 2748.00 321 70
204 929.00 612.00 321 88
205 1279.00 1062.00 321 83
206 636.00 2944.00 321 29
207 282.00 1900.00 321 53
208 1297.00 611.00 321 81
209 1119.00 2573.00 321 40
210 2495.00 2022.00 321 17
211 1174.00 942.00 321 53
212 436.00 1087.00 321 30
213 1856.00 1562.00 321 48
214 1159.00 2315.00 321 61
215 1490.00 3316.00 321 25
216 1356.00 1130.00 321 74
217 1492.00 3244.00 321 75
218 2549.00 2180.00 321 18
219 1652.00 450.00 321 8
220 283.00 2794.00 321 40
221 2145.00 2316.00 321 16
222 129.00 2914.00 321 97
223 1701.00 3223.00 321 37
224 1172.00 1292.00 321 24
225 128.00 1290.00 321 27
226 674.00 3436.00 321 28
227 2624.00 1273.00 321 87
228 676.00 3531.00 321 23
229 2540.00 1272.00 321 44
230 2542.00 808.00 321 9
231 1187.00 114.00 321 73
232 89.00 1017.00 321 25
233 1911.00 3608.00 321 69
234 1808.00 453.00 321 55
235 9.00 2448.00 321 17
236 1892.00 1636.00 321 80
237 1759.00 1687.00 321 97
238 1528.00 283.00 321 99
239 2493.00 2748.00 321 1
240 1488.00 1562.00 321 94
241 863.00 2987.00 321 84
242 1001.00 514.00 321 76
243 1795.00 3088.00 321 63
244 845.00 282.00 321 13
245 2166.00 3850.00 321 34
246 1787.00 2085.00 321 20
247 1487.00 2157.00 321 74
248 849.00 3683.00 321 99
249 734.00 3844.00 321 95
250 1451.00 1561.00 321 59
251 270.00 3858.00 321 91
252 982.00 1521.00 321 14
253 2244.00 2450.00 321 9
254 462.00 3721.00 321 58
255 2566.00 3386.00 321 96
256 2029.00 1872.00 321 68
257 882.00 1102.00 321 88
258 2759.00 1098.00 321 54
259 367.00 1268.00 321 41
260 1157.00 3880.00 321 99
261 1183.00 863.00 321 94
262 2377.00 3328.00 321 77
263 2800.00 772.00 321 88
264 843.00 245.00 321 94
265 1794.00 3571.00 321 98
266 634.00 1596.00 321 21
267 2184.00 3277.00 321 16
268 2178.00 611.00 321 53
269 417.00 284.00 321 85
270 2800.00 1698.00 321 82
271 1990.00 576.00 321 100
272 2492.00 3127.00 321 33
273 1428.00 2007.00 321 7
274 655.00 1966.00 321 27
275 1142.00 610.00 321 15
276 1509.00 1206.00 321 76
277 1699.00 3723.00 321 15
278 943.00 3609.00 321 83
279 50.00 2489.00 321 68
280 2268.00 3813.00 321 37
281 1197.00 2119.00 321 21
282 2146.00 1870.00 321 56
283 2206.00 1106.00 321 7
284 311.00 685.00 321 96
285 2378.00 3368.00 321 33
286 136.00 3468.00 321 98
287 1698.00 3649.00 321 56
288 904.00 3793.00 321 93
289 130.00 1638.00 321 17
290 2694.00 2221.00 321 54
291 2167.00 2537.00 321 24
292 1989.00 3317.00 321 32
293 88.00 1558.00 321 92
294 638.00 728.00 321 61
295 732.00 321.00 321 84
296 166.00 979.00 321 84
297 1359.00 1214.00 321 14
298 2548.00 2431.00 321 4
299 2531.00 2827.00 321 65
300 2539.00 1195.00 321 29
301 872.00 799.00 321 27
302 808.00 3237.00 321 88
303 1157.00 3843.00 321 73
304 2182.00 3081.00 321 57
305 2097.00 1853.00 321 78
306 2036.00 3841.00 321 69
307 1529.00 1291.00 321 33
308 280.00 2195.00 321 45
309 2507.00 561.00 321 38
310 865.00 1522.00 321 2
311 2831.00 269.00 321 17
312 1258.00 804.00 321 9
313 2112.00 2317.00 321 41
314 1680.00 2515.00 321 29
315 2147.00 209.00 321 2
316 319.00 1784.00 321 42
317 1253.00 1873.00 321 100
318 203.00 2120.00 321 3
319 1487.00 2351.00 321 46
320 867.00 3019.00 321 8
321 1682.00 249.00 321 7
322 547.00 3010.00 321 67
323 1428.00 2391.00 321 70
324 559.00 3356.00 321 33
325 1748.00 1175.00 321 40
326 2659.00 618.00 321 49
327 94.00 1606.00 321 100
328 127.00 2874.00 321 92
329 1366.00 265.00 321 58
330 131.00 1055.00 321 61
331 2106.00 2992.00 321 89
332 1666.00 2430.00 321 40
333 2791.00 231.00 321 26
334 347.00 3397.00 321 49
335 852.00 3757.00 321 71
336 1356.00 1406.00 321 65
337 1566.00 1209.00 321 83
338 1090.00 425.00 321 88
339 2321.00 2355.00 321 13
340 437.00 1703.00 321 98
341 1096.00 95.00 321 78
342 2541.00 212.00 321 48
343 281.00 1667.00 321 96
344 2028.00 1719.00 321 35
345 2830.00 114.00 321 58
346 1584.00 3648.00 321 32
347 1848.00 211.00 321 90
348 2218.00 303.00 321 76
349 1329.00 166.00 321 60
350 349.00 3358.00 321 2
351 2377.00 3251.00 321 34
352 657.00 2314.00 321 56
353 -4.00 3873.00 321 23
354 1939.00 325.00 321 66
355 49.00 2257.00 321 99
356 2657.00 1314.00 321 79
357 2550.00 1561.00 321 80
358 2010.00 488.00 321 89
359 1739.00 3184.00 321 100
360 925.00 765.00 321 52
361 639.00 2673.00 321 36
362 33.00 368.00 321 39
363 1485.00 3201.00 321 93
364 1669.00 2161.00 321 25
365 734.00 2932.00 321 88
366 2303.00 709.00 321 43
367 2376.00 3095.00 321 64
368 463.00 3761.00 321 71
369 1788.00 2120.00 321 1
370 2658.00 733.00 321 75
371 2798.00 3234.00 321 39
372 878.00 1506.00 321 39
373 2762.00 1821.00 321 37
374 164.00 2003.00 321 56
375 2491.00 2902.00 321 37
376 316.00 649.00 321 81
377 880.00 1178.00 321 72
378 850.00 3162.00 321 87
379 396.00 976.00 321 50
380 1221.00 648.00 321 55
381 1795.00 3840.00 321 48
382 120.00 805.00 321 71
383 1951.00 893.00 321 70
384 1910.00 3165.00 321 27
385 2495.00 2288.00 321 47
386 1548.00 1832.00 321 7
387 1371.00 3201.00 321 91
388 1967.00 1351.00 321 29
389 212.00 3470.00 321 86
390 523.00 1377.00 321 64
391 850.00 2854.00 321 26
392 733.00 3687.00 321 68
393 1529.00 86.00 321 89
394 2491.00 2176.00 321 18
395 637.00 2708.00 321 33
396 1457.00 2890.00 321 10
397 1152.00 1270.00 321 72
398 2377.00 3212.00 321 33
399 89.00 2718.00 321 89
400 560.00 1685.00 321 100
401 1224.00 3667.00 321 69
402 117.00 646.00 321 31
403 1893.00 1348.00 321 83
404 1757.00 1647.00 321 11
405 2059.00 772.00 321 40
406 476.00 1121.00 321 11
407 2145.00 1183.00 321 76
408 1159.00 2162.00 321 82
409 1886.00 697.00 321 3
410 1050.00 2507.00 321 44
411 2558.00 1214.00 321 96
412 527.00 884.00 321 52
413 1372.00 3128.00 321 61
414 281.00 1550.00 321 54
415 1990.00 3088.00 321 73
416 2466.00 574.00 321 77
417 1106.00 127.00 321 8
418 2801.00 499.00 321 68
419 2540.00 1311.00 321 99
420 87.00 1169.00 321 7
421 307.00 3501.00 321 76
422 2350.00 727.00 321 88
423 2704.00 1583.00 321 65
424 1487.00 1871.00 321 8
425 2732.00 2491.00 321 45
426 2800.00 3464.00 321 56
427 1582.00 3373.00 321 28
428 1080.00 1693.00 321 32
429 1224.00 3184.00 321 85
430 2623.00 3945.00 321 10
431 2029.00 1561.00 321 63
432 2660.00 285.00 321 62
433 1174.00 1179.00 321 79
434 188.00 361.00 321 3
435 1452.00 880.00 321 16
436 2804.00 1450.00 321 83
437 1238.00 1210.00 321 89
438 2376.00 3408.00 321 79
439 2800.00 1781.00 321 84
440 235.00 843.00 321 63
441 1329.00 204.00 321 9
442 147.00 287.00 321 68
443 998.00 1104.00 321 54
444 1605.00 2494.00 321 27
445 1651.00 653.00 321 7
446 1710.00 233.00 321 34
447 1464.00 1610.00 321 50
448 1158.00 2081.00 321 99
449 281.00 2278.00 321 63
450 1890.00 3540.00 321 5
451 1921.00 2314.00 321 12
452 1741.00 730.00 321 88
453 2058.00 248.00 321 66
454 853.00 3319.00 321 44
455 319.00 1664.00 321 52
456 1538.00 534.00 321 9
457 1049.00 572.00 321 75
458 2224.00 1066.00 321 71
459 657.00 2356.00 321 7
460 89.00 2643.00 321 66
461 1047.00 534.00 321 59
462 2704.00 1437.00 321 61
463 945.00 2856.00 321 73
464 1949.00 3811.00 321 90
465 2465.00 90.00 321 39
466 438.00 49.00 321 82
467 2267.00 767.00 321 27
468 2147.00 282.00 321 6
469 2800.00 1548.00 321 89
470 436.00 2437.00 321 1
471 2009.00 2622.00 321 81
472 947.00 3725.00 321 57
473 1315.00 1152.00 321 41
474 728.00 86.00 321 34
475 1294.00 3421.00 321 54
476 750.00 3708.00 321 4
477 1274.00 3808.00 321 65
478 484.00 185.00 321 9
479 1988.00 3646.00 321 33
480 752.00 1611.00 321 14
481 443.00 3519.00 321 77
482 1005.00 2681.00 321 3
483 1368.00 3840.00 321 93
484 280.00 2161.00 321 37
485 435.00 1502.00 321 69
486 2538.00 1987.00 321 100
487 127.00 2180.00 321 79
488 955.00 2023.00 321 73
489 1430.00 2082.00 321 48
490 186.00 164.00 321 13
491 2540.00 877.00 321 18
492 1796.00 3358.00 321 100
493 657.00 2390.00 321 88
494 51.00 2216.00 321 87
495 2798.00 3796.00 321 64
496 2800.00 2067.00 321 18
497 602.00 1394.00 321 22
498 2465.00 1232.00 321 63
499 2225.00 555.00 321 66
500 656.00 2011.00 321 18
501 2184.00 2700.00 321 36
502 927.00 1618.00 321 17
503 1989.00 733.00 321 23
504 2378.00 1558.00 321 25
505 1574.00 1596.00 321 6
506 523.00 1296.00 321 51
507 2266.00 464.00 321 35
508 204.00 2274.00 321 95
509 2466.00 729.00 321 58
510 944.00 3127.00 321 40
511 2462.00 168.00 321 34
512 2802.00 620.00 321 1
513 282.00 1274.00 321 82
514 50.00 2525.00 321 5
515 950.00 919.00 321 16
516 524.00 2745.00 321 90
517 1487.00 3643.00 321 6
518 996.00 1393.00 321 56
519 280.00 2679.00 321 8
520 2300.00 3324.00 321 25
521 1330.00 244.00 321 27
522 845.00 826.00 321 23
523 236.00 1541.00 321 44
524 1651.00 770.00 321 85
525 234.00 650.00 321 79
526 165.00 2487.00 321 71
527 672.00 3609.00 321 60
528 1256.00 1899.00 321 48
529 597.00 2393.00 321 18
530 638.00 1105.00 321 98
531 318.00 2870.00 321 85
532 882.00 1143.00 321 61
533 904.00 3703.00 321 94
534 1488.00 2855.00 321 24
535 165.00 2602.00 321 88
536 475.00 1743.00 321 94
537 2106.00 3643.00 321 42
538 1218.00 861.00 321 7
539 2146.00 1520.00 321 45
540 928.00 2048.00 321 73
541 1274.00 3879.00 321 39
542 640.00 3271.00 321 97
543 843.00 166.00 321 12
544 1699.00 2816.00 321 31
545 640.00 1375.00 321 69
546 733.00 3125.00 321 16
547 164.00 2799.00 321 31
548 1544.00 2775.00 321 50
549 676.00 1751.00 321 54
550 1604.00 2391.00 321 6
551 2251.00 1813.00 321 70
552 1143.00 650.00 321 16
553 424.00 3687.00 321 19
554 610.00 503.00 321 40
555 1866.00 1055.00 321 57
556 302.00 203.00 321 58
557 599.00 2196.00 321 37
558 946.00 3843.00 321 18
559 124.00 2834.00 321 63
560 595.00 2943.00 321 72
561 947.00 3683.00 321 70
562 204.00 2913.00 321 81
563 1640.00 1658.00 321 69
564 462.00 3877.00 321 63
565 1855.00 1717.00 321 66
566 154.00 3278.00 321 36
567 2659.00 94.00 321 26
568 1225.00 83.00 321 23
569 2658.00 1082.00 321 40
570 1287.00 243.00 321 9
571 75.00 3546.00 321 70
572 1603.00 2316.00 321 16
573 1003.00 3426.00 321 9
574 597.00 2825.00 321 77
575 2060.00 691.00 321 10
576 2831.00 1158.00 321 43
577 284.00 1783.00 321 27
578 1153.00 387.00 321 72
579 2761.00 3332.00 321 51
580 1361.00 1626.00 321 54
581 321.00 1590.00 321 9
582 1136.00 86.00 321 92
583 262.00 436.00 321 50
584 675.00 3571.00 321 90
585 2245.00 843.00 321 62
586 1335.00 803.00 321 18
587 163.00 2683.00 321 12
588 2466.00 649.00 321 48
589 888.00 2392.00 321 72
590 748.00 3550.00 321 98
591 435.00 2373.00 321 91
592 128.00 1213.00 321 16
593 156.00 3591.00 321 71
594 945.00 3160.00 321 21
595 847.00 2929.00 321 64
596 156.00 3791.00 321 69
597 2801.00 2376.00 321 40
598 1094.00 900.00 321 73
599 282.00 2717.00 321 17
600 2146.00 1219.00 321 79
601 1749.00 979.00 321 99
602 560.00 3437.00 321 27
603 1548.00 366.00 321 4
604 2830.00 384.00 321 45
605 1353.00 1326.00 321 78
606 597.00 2042.00 321 29
607 2106.00 2819.00 321 51
608 313.00 767.00 321 51
609 895.00 3834.00 321 49
610 2228.00 76.00 321 57
611 2009.00 2576.00 321 100
612 1855.00 2236.00 321 77
613 318.00 1625.00 321 11
614 2761.00 808.00 321 64
615 1622.00 3648.00 321 97
616 2105.00 2894.00 321 91
617 2367.00 1354.00 321 17
618 462.00 3801.00 321 17
619 262.00 991.00 321 28
620 2791.00 306.00 321 12
621 2760.00 2338.00 321 86
622 1057.00 1172.00 321 85
623 1770.00 360.00 321 45
624 824.00 1104.00 321 46
625 611.00 1716.00 321 8
626 1535.00 2668.00 321 87
627 2466.00 692.00 321 41
628 51.00 1444.00 321 84
629 947.00 1522.00 321 11
630 319.00 2315.00 321 71
631 1731.00 209.00 321 83
632 2606.00 3290.00 321 26
633 1480.00 262.00 321 60
634 1259.00 727.00 321 49
635 2568.00 3119.00 321 97
636 1409.00 2370.00 321 69
637 1204.00 3783.00 321 66
638 11.00 1793.00 321 82
639 127.00 2296.00 321 86
640 2319.00 2080.00 321 47
641 1367.00 3882.00 321 6
642 2203.00 2158.00 321 100
643 1002.00 1482.00 321 10
644 676.00 3122.00 321 67
645 655.00 2040.00 321 44
646 641.00 285.00 321 71
647 12.00 1134.00 321 79
648 1370.00 1594.00 321 11
649 484.00 2098.00 321 38
650 2552.00 1600.00 321 86
651 2541.00 246.00 321 30
652 842.00 631.00 321 53
653 1850.00 327.00 321 68
654 2666.00 2178.00 321 96
655 2376.00 2501.00 321 61
656 2800.00 2414.00 321 91
657 1370.00 3569.00 321 71
658 2322.00 1872.00 321 3
659 11.00 1289.00 321 17
660 299.00 941.00 321 8
661 2028.00 1795.00 321 35
662 2830.00 194.00 321 90
663 634.00 1522.00 321 1
664 2028.00 2202.00 321 96
665 910.00 2588.00 321 99
666 269.00 3197.00 321 62
667 1749.00 1098.00 321 39
668 2667.00 2432.00 321 38
669 53.00 1600.00 321 83
670 1073.00 2061.00 321 1
671 1699.00 2856.00 321 96
672 2548.00 2064.00 321 84
673 1911.00 3278.00 321 22
674 512.00 2040.00 321 23
675 2801.00 1370.00 321 57
676 1761.00 449.00 321 11
677 434.00 1587.00 321 19
678 167.00 1239.00 321 98
679 1583.00 3604.00 321 76
680 2107.00 2740.00 321 39
681 149.00 129.00 321 71
682 1452.00 534.00 321 7
683 1250.00 245.00 321 75
684 503.00 2002.00 321 17
685 1134.00 128.00 321 45
686 1601.00 2237.00 321 17
687 2148.00 1333.00 321 2
688 1943.00 729.00 321 28
689 1586.00 2815.00 321 9
690 320.00 2717.00 321 13
691 642.00 90.00 321 15
692 559.00 3568.00 321 8
693 11.00 2217.00 321 51
694 1336.00 612.00 321 6
695 1273.00 3239.00 321 77
696 948.00 1909.00 321 38
697 1185.00 592.00 321 50
698 2182.00 2778.00 321 90
699 1163.00 2929.00 321 67
700 484.00 2748.00 321 8
701 169.00 41.00 321 35
702 2665.00 2254.00 321 1
703 620.00 3223.00 321 88
704 50.00 1558.00 321 12
705 1450.00 1132.00 321 88
706 2187.00 2932.00 321 52
707 1158.00 2118.00 321 17
708 78.00 3858.00 321 5
709 880.00 1215.00 321 53
710 205.00 2721.00 321 46
711 186.00 203.00 321 94
712 1354.00 1288.00 321 71
713 905.00 1521.00 321 81
714 1733.00 127.00 321 45
715 1487.00 3279.00 321 72
716 2567.00 3234.00 321 40
717 2800.00 1738.00 321 69
718 438.00 1160.00 321 57
719 309.00 724.00 321 40
720 1319.00 48.00 321 77
721 1443.00 88.00 321 80
722 929.00 535.00 321 95
723 2568.00 3079.00 321 34
724 2701.00 3940.00 321 94
725 2378.00 2663.00 321 79
726 127.00 2528.00 321 11
727 2800.00 460.00 321 94
728 2798.00 2102.00 321 27
729 2233.00 728.00 321 93
730 316.00 2640.00 321 52
731 1943.00 167.00 321 65
732 2492.00 1753.00 321 16
733 1430.00 2238.00 321 13
734 811.00 1642.00 321 21
735 1697.00 1389.00 321 72
736 2252.00 1521.00 321 70
737 1910.00 3686.00 321 75
738 1749.00 1138.00 321 57
739 1563.00 1899.00 321 75
740 2465.00 129.00 321 38
741 2493.00 2100.00 321 80
742 281.00 1198.00 321 24
743 2205.00 2083.00 321 6
744 1797.00 2778.00 321 29
745 1060.00 1909.00 321 4
746 1274.00 2814.00 321 2
747 1109.00 3068.00 321 22
748 1886.00 245.00 321 62
749 154.00 3241.00 321 24
750 2378.00 1830.00 321 60
751 444.00 3036.00 321 48
752 12.00 2178.00 321 23
753 170.00 1471.00 321 87
754 2657.00 1236.00 321 37
755 1720.00 1598.00 321 65
756 49.00 1251.00 321 96
757 1439.00 3046.00 321 100
758 904.00 1870.00 321 98
759 680.00 2771.00 321 7
760 1488.00 3878.00 321 57
761 1698.00 3605.00 321 2
762 1700.00 3109.00 321 48
763 829.00 1522.00 321 67
764 2059.00 651.00 321 96
765 1749.00 1330.00 321 37
766 785.00 3527.00 321 16
767 2146.00 1261.00 321 32
768 1518.00 455.00 321 39
769 1848.00 249.00 321 20
770 430.00 648.00 321 25
771 2338.00 2620.00 321 4
772 2616.00 1137.00 321 11
773 926.00 2317.00 321 28
774 2761.00 1698.00 321 17
775 475.00 979.00 321 87
776 2799.00 1137.00 321 23
777 928.00 689.00 321 11
778 2406.00 2428.00 321 11
779 1441.00 204.00 321 63
780 2261.00 1922.00 321 31
781 90.00 2298.00 321 63
782 2318.00 2165.00 321 83
783 1795.00 3609.00 321 42
784 1046.00 689.00 321 46
785 439.00 1123.00 321 86
786 1061.00 3568.00 321 71
787 1048.00 1056.00 321 46
788 930.00 370.00 321 59
789 526.00 323.00 321 20
790 735.00 2701.00 321 80
791 944.00 3021.00 321 70
792 1970.00 2392.00 321 7
793 928.00 1667.00 321 36
794 34.00 372.00 321 10
795 1564.00 1871.00 321 26
796 1059.00 3842.00 321 74
797 365.00 2427.00 321 1
798 1062.00 3131.00 321 23
799 1046.00 730.00 321 72
800 2864.00 3474.00 321 17
801 204.00 2799.00 321 39
802 87.00 1240.00 321 1
803 2149.00 323.00 321 2
804 1275.00 3085.00 321 55
805 204.00 2316.00 321 75
806 2525.00 1880.00 321 5
807 2762.00 694.00 321 13
808 727.00 244.00 321 32
809 523.00 1454.00 321 8
810 734.00 2663.00 321 71
811 1941.00 285.00 321 7
812 1604.00 2118.00 321 98
813 1543.00 3742.00 321 83
814 2723.00 943.00 321 81
815 2491.00 2942.00 321 37
816 397.00 3339.00 321 38
817 1061.00 2850.00 321 83
818 367.00 2118.00 321 95
819 938.00 3441.00 321 13
820 10.00 2484.00 321 81
821 1062.00 3357.00 321 6
822 281.00 2355.00 321 38
823 2000.00 1205.00 321 24
824 476.00 1781.00 321 11
825 2549.00 2393.00 321 85
826 21.00 1882.00 321 34
827 1449.00 1093.00 321 72
828 1248.00 2241.00 321 13
829 1234.00 2182.00 321 10
830 1332.00 1523.00 321 26
831 2029.00 2123.00 321 35
832 1717.00 1484.00 321 90
833 524.00 283.00 321 9
834 1870.00 3782.00 321 82
835 49.00 1795.00 321 20
836 2763.00 1586.00 321 43
837 2105.00 2775.00 321 51
838 709.00 1261.00 321 90
839 2540.00 1398.00 321 60
840 1489.00 3162.00 321 43
841 2761.00 2144.00 321 31
842 1971.00 1087.00 321 84
843 2582.00 439.00 321 95
844 2604.00 2905.00 321 43
845 2762.00 770.00 321 76
846 321.00 1394.00 321 83
847 318.00 2798.00 321 51
848 250.00 3220.00 321 20
849 1487.00 2274.00 321 38
850 1369.00 3317.00 321 81
851 2801.00 1507.00 321 47
852 2167.00 921.00 321 54
853 1198.00 2043.00 321 99
854 1172.00 1135.00 321 39
855 88.00 1445.00 321 17
856 1911.00 2779.00 321 68
857 823.00 1222.00 321 36
858 2021.00 1243.00 321 96
859 2762.00 1138.00 321 48
860 1182.00 339.00 321 16
861 1604.00 2355.00 321 8
862 164.00 2159.00 321 62
863 1678.00 3280.00 321 67
864 2150.00 129.00 321 80
865 509.00 3800.00 321 66
866 157.00 3861.00 321 69
867 1701.00 2742.00 321 50
868 1944.00 130.00 321 65
869 1135.00 247.00 321 29
870 128.00 1753.00 321 77
871 1298.00 574.00 321 45
872 2146.00 2434.00 321 26
873 1567.00 1171.00 321 54
874 2076.00 1813.00 321 93
875 674.00 3199.00 321 38
876 791.00 2779.00 321 40
877 270.00 3124.00 321 49
878 1273.00 3164.00 321 86
879 1405.00 211.00 321 21
880 2702.00 1003.00 321 27
881 50.00 2717.00 321 78
882 2467.00 540.00 321 88
883 1292.00 324.00 321 46
884 1097.00 3206.00 321 3
885 2417.00 130.00 321 52
886 37.00 3780.00 321 34
887 1604.00 2272.00 321 43
888 1048.00 280.00 321 48
889 1930.00 2024.00 321 33
890 2268.00 282.00 321 73
891 2540.00 1079.00 321 36
892 596.00 2122.00 321 30
893 127.00 1367.00 321 66
894 1911.00 3880.00 321 69
895 88.00 2604.00 321 32
896 2252.00 2739.00 321 93
897 321.00 1353.00 321 38
898 2550.00 1677.00 321 55
899 2546.00 2548.00 321 32
900 2038.00 1281.00 321 90
901 47.00 1712.00 321 34
902 272.00 3587.00 321 9
903 1313.00 2156.00 321 66
904 2147.00 1716.00 321 46
905 1660.00 1089.00 321 68
906 2319.00 2396.00 321 36
907 1155.00 2472.00 321 88
908 452.00 3565.00 321 68
909 1730.00 1986.00 321 70
910 1335.00 573.00 321 47
911 1920.00 1563.00 321 84
912 848.00 3647.00 321 79
913 2762.00 591.00 321 2
914 1866.00 1215.00 321 68
915 1941.00 1427.00 321 96
916 90.00 324.00 321 60
917 1233.00 507.00 321 55
918 1119.00 2470.00 321 2
919 1331.00 3871.00 321 80
920 66.00 3215.00 321 45
921 2175.00 3029.00 321 90
922 2760.00 3409.00 321 46
923 166.00 2643.00 321 31
924 2167.00 848.00 321 71
925 2321.00 1522.00 321 85
926 194.00 3917.00 321 40
927 1542.00 727.00 321 17
928 674.00 1868.00 321 33
929 1986.00 3724.00 321 71
930 1118.00 3501.00 321 100
931 10.00 2640.00 321 47
932 674.00 3086.00 321 52
933 2204.00 2239.00 321 49
934 637.00 164.00 321 94
935 1410.00 2102.00 321 8
936 1159.00 3611.00 321 57
937 1094.00 1355.00 321 34
938 2104.00 2855.00 321 52
939 2027.00 2354.00 321 14
940 1797.00 2857.00 321 48
941 1408.00 1523.00 321 17
942 1048.00 805.00 321 2
943 1036.00 456.00 321 33
944 321.00 2910.00 321 66
945 91.00 1639.00 321 38
946 1584.00 3300.00 321 28
947 2261.00 1065.00 321 63
948 1320.00 3201.00 321 91
949 1969.00 1871.00 321 95
950 1475.00 1984.00 321 40
951 349.00 3432.00 321 59
952 2657.00 248.00 321 95
953 2097.00 227.00 321 5
954 1787.00 2274.00 321 18
955 1379.00 2550.00 321 2
956 90.00 2565.00 321 83
957 2103.00 3801.00 321 89
958 378.00 1551.00 321 16
959 674.00 3802.00 321 63
960 1749.00 1018.00 321 60
961 90.00 2373.00 321 78
962 1083.00 2026.00 321 92
963 1853.00 2023.00 321 31
964 233.00 764.00 321 62
965 484.00 2863.00 321 48
966 463.00 2277.00 321 100
967 457.00 122.00 321 67
968 2492.00 2138.00 321 21
969 2656.00 1200.00 321 44
970 1380.00 2004.00 321 99
971 16.00 1441.00 321 2
972 2800.00 654.00 321 68
973 2349.00 286.00 321 28
974 609.00 3940.00 321 57
975 1567.00 1322.00 321 96
976 1701.00 3339.00 321 8
977 33.00 360.00 321 11
978 2254.00 2026.00 321 23
979 2350.00 827.00 321 28
980 2222.00 3222.00 321 19
981 1699.00 3183.00 321 48
982 186.00 322.00 321 65
983 823.00 1181.00 321 33
984 2015.00 3881.00 321 50
985 127.00 1015.00 321 61
986 51.00 1175.00 321 33
987 1809.00 182.00 321 61
988 1142.00 729.00 321 65
989 520.00 2899.00 321 37
990 848.00 1907.00 321 41
991 886.00 2241.00 321 59
992 2183.00 3122.00 321 70
993 10.00 2411.00 321 37
994 2050.00 812.00 321 87
995 2298.00 3084.00 321 22
996 759.00 2718.00 321 52
997 1170.00 1251.00 321 69
998 319.00 2833.00 321 74
999 2699.00 3852.00 321 57
1000 282.00 1860.00 321 15
1001 346.00 1899.00 321 12
1002 235.00 1838.00 321 84
1003 2351.00 1040.00 321 55
1004 476.00 1084.00 321 100
1005 2028.00 1318.00 321 10
1006 54.00 48.00 321 33
1007 1604.00 2074.00 321 44
1008 1884.00 90.00 321 87
1009 2760.00 1543.00 321 2
1010 35.00 3622.00 321 12
1011 1199.00 2162.00 321 71
1012 2649.00 25.00 321 36
1013 713.00 1570.00 321 24
1014 31.00 364.00 321 17
1015 1272.00 3567.00 321 38
1016 2352.00 89.00 321 95
1017 637.00 1222.00 321 60
1018 49.00 2834.00 321 99
1019 1986.00 3841.00 321 50
1020 462.00 3316.00 321 38
1021 1274.00 3528.00 321 15
1022 946.00 2700.00 321 66
1023 89.00 1097.00 321 58
1024 716.00 1842.00 321 23
1025 750.00 2159.00 321 43
1026 943.00 3530.00 321 75
1027 76.00 3624.00 321 56
1028 2551.00 1756.00 321 83
1029 1585.00 3146.00 321 92
1030 367.00 2197.00 321 78
1031 165.00 2351.00 321 37
1032 1584.00 3258.00 321 21
1033 156.00 3203.00 321 58
1034 2550.00 1640.00 321 30
1035 884.00 88.00 321 7
1036 1487.00 3685.00 321 48
1037 642.00 323.00 321 80
1038 463.00 3395.00 321 15
1039 2529.00 2979.00 321 72
1040 888.00 2120.00 321 81
1041 1286.00 2635.00 321 69
1042 1854.00 2645.00 321 93
1043 1911.00 2738.00 321 31
1044 2103.00 3318.00 321 53
1045 1678.00 1524.00 321 58
1046 2205.00 1789.00 321 32
1047 727.00 628.00 321 20
1048 476.00 1912.00 321 65
1049 2185.00 2853.00 321 21
1050 1547.00 3703.00 321 24
1051 474.00 1277.00 321 25
1052 2570.00 1004.00 321 42
1053 2568.00 3274.00 321 23
1054 223.00 2021.00 321 79
1055 2096.00 71.00 321 70
1056 10.00 1637.00 321 31
1057 15.00 1714.00 321 33
1058 2493.00 3326.00 321 67
1059 697.00 2630.00 321 31
1060 945.00 3275.00 321 50
1061 1172.00 1330.00 321 15
1062 152.00 3744.00 321 23
1063 2388.00 942.00 321 75
1064 1797.00 3203.00 321 32
1065 542.00 2099.00 321 55
1066 1941.00 246.00 321 79
1067 2697.00 116.00 321 70
1068 2296.00 2738.00 321 57
1069 1594.00 2544.00 321 26
1070 581.00 79.00 321 68
1071 1156.00 3801.00 321 98
1072 641.00 248.00 321 36
1073 366.00 604.00 321 17
1074 2495.00 3368.00 321 87
1075 657.00 2881.00 321 76
1076 2657.00 1272.00 321 83
1077 2147.00 1831.00 321 3
1078 947.00 3570.00 321 52
1079 165.00 2197.00 321 81
1080 1049.00 170.00 321 70
1081 2184.00 3163.00 321 9
1082 1369.00 2857.00 321 78
1083 358.00 1841.00 321 56
1084 278.00 2115.00 321 27
1085 1911.00 3240.00 321 49
1086 1370.00 2817.00 321 13
1087 1371.00 2740.00 321 24
1088 2800.00 2491.00 321 76
1089 1584.00 3686.00 321 71
1090 414.00 2020.00 321 35
1091 2763.00 3292.00 321 67
1092 1988.00 2777.00 321 8
1093 1645.00 129.00 321 66
1094 2665.00 2139.00 321 13
1095 2781.00 3940.00 321 95
1096 2408.00 1116.00 321 97
1097 1271.00 3357.00 321 47
1098 263.00 3453.00 321 6
1099 947.00 2894.00 321 81
1100 1374.00 3358.00 321 1
1101 521.00 2941.00 321 6
1102 1429.00 2427.00 321 47
1103 2028.00 1833.00 321 71
1104 2298.00 3165.00 321 69
1105 2018.00 1930.00 321 51
1106 155.00 3627.00 321 96
1107 2267.00 243.00 321 21
1108 2799.00 1820.00 321 63
1109 521.00 841.00 321 68
1110 2493.00 1714.00 321 89
1111 1157.00 3530.00 321 12
1112 1523.00 1524.00 321 15
1113 1852.00 2431.00 321 48
1114 2107.00 3165.00 321 9
1115 388.00 3548.00 321 100
1116 2667.00 2104.00 321 89
1117 2375.00 2865.00 321 45
1118 15.00 1678.00 321 57
1119 1727.00 1947.00 321 91
1120 158.00 670.00 321 90
1121 886.00 2315.00 321 25
1122 1272.00 3648.00 321 39
1123 357.00 3037.00 321 88
1124 327.00 3629.00 321 43
1125 1857.00 540.00 321 34
1126 2761.00 540.00 321 67
1127 928.00 2354.00 321 79
1128 1911.00 3760.00 321 48
1129 9.00 2718.00 321 92
1130 1276.00 3318.00 321 66
1131 1949.00 3647.00 321 28
1132 1370.00 3765.00 321 83
1133 1736.00 537.00 321 96
1134 369.00 2392.00 321 83
1135 2513.00 572.00 321 37
1136 964.00 2624.00 321 92
1137 2108.00 3123.00 321 83
1138 1259.00 648.00 321 80
1139 821.00 1298.00 321 32
1140 1454.00 1210.00 321 33
1141 2388.00 1209.00 321 82
1142 50.00 2603.00 321 85
1143 1452.00 1056.00 321 51
1144 1047.00 847.00 321 6
1145 1615.00 765.00 321 6
1146 318.00 2156.00 321 68
1147 149.00 207.00 321 41
1148 525.00 650.00 321 19
1149 10.00 2601.00 321 41
1150 280.00 1240.00 321 83
1151 167.00 1315.00 321 84
1152 2262.00 571.00 321 37
1153 2800.00 1856.00 321 51
1154 282.00 2869.00 321 66
1155 165.00 1202.00 321 48
1156 871.00 1842.00 321 93
1157 656.00 2160.00 321 16
1158 1987.00 3803.00 321 99
1159 2204.00 1868.00 321 1
1160 1274.00 1560.00 321 14
1161 842.00 85.00 321 63
1162 1661.00 3889.00 321 82
1163 2206.00 1753.00 321 75
1164 2466.00 1038.00 321 72
1165 1846.00 91.00 321 9
1166 91.00 51.00 321 79
1167 1157.00 2892.00 321 16
1168 596.00 1871.00 321 67
1169 932.00 163.00 321 25
1170 1942.00 209.00 321 84
1171 932.00 651.00 321 95
1172 1970.00 2355.00 321 39
1173 1949.00 3888.00 321 92
1174 1102.00 1171.00 321 44
1175 1795.00 3726.00 321 31
1176 2762.00 1853.00 321 68
1177 2000.00 1387.00 321 80
1178 2659.00 772.00 321 54
1179 2148.00 1300.00 321 34
1180 750.00 1088.00 321 79
1181 1372.00 3087.00 321 41
1182 103.00 3159.00 321 79
1183 280.00 2078.00 321 34
1184 2415.00 1482.00 321 75
1185 2761.00 1293.00 321 27
1186 944.00 2932.00 321 74
1187 637.00 1869.00 321 95
1188 2515.00 3013.00 321 69
1189 1786.00 2238.00 321 4
1190 438.00 1822.00 321 20
1191 931.00 570.00 321 87
1192 320.00 1704.00 321 81
1193 2541.00 771.00 321 30
1194 707.00 1223.00 321 29
1195 671.00 360.00 321 75
1196 1641.00 322.00 321 21
1197 1486.00 3596.00 321 8
1198 50.00 1637.00 321 88
1199 1415.00 458.00 321 31
1200 348.00 3724.00 321 64
1201 1787.00 2316.00 321 41
1202 13.00 1368.00 321 29
1203 2048.00 1950.00 321 88
1204 1176.00 1870.00 321 53
1205 367.00 2238.00 321 21
1206 385.00 1230.00 321 88
1207 2029.00 1638.00 321 14
1208 126.00 2448.00 321 17
1209 340.00 204.00 321 96
1210 2666.00 2328.00 321 37
1211 1196.00 2200.00 321 21
1212 88.00 2911.00 321 52
1213 1911.00 3726.00 321 30
1214 984.00 2719.00 321 13
1215 1911.00 3802.00 321 52
1216 1825.00 731.00 321 96
1217 127.00 2140.00 321 48
1218 476.00 1830.00 321 21
1219 212.00 745.00 321 37
1220 1894.00 829.00 321 72
1221 54.00 574.00 321 88
1222 2149.00 165.00 321 59
1223 2150.00 534.00 321 44
1224 1530.00 245.00 321 66
1225 523.00 1183.00 321 22
1226 86.00 2524.00 321 81
1227 523.00 1337.00 321 39
1228 1442.00 127.00 321 11
1229 1728.00 2859.00 321 26
1230 216.00 1181.00 321 46
1231 1951.00 1146.00 321 20
1232 933.00 127.00 321 19
1233 641.00 1179.00 321 95
1234 1695.00 2937.00 321 80
1235 2321.00 1794.00 321 45
1236 11.00 1753.00 321 44
1237 2493.00 2786.00 321 9
1238 1452.00 1406.00 321 71
1239 126.00 2683.00 321 63
1240 1796.00 3881.00 321 21
1241 1499.00 3493.00 321 58
1242 848.00 2775.00 321 6
1243 165.00 2081.00 321 3
1244 322.00 1200.00 321 47
1245 1542.00 891.00 321 29
1246 1335.00 844.00 321 51
1247 359.00 1964.00 321 23
1248 2667.00 1640.00 321 15
1249 1273.00 3764.00 321 40
1250 1951.00 1183.00 321 55
1251 2312.00 650.00 321 86
1252 50.00 1754.00 321 24
1253 2206.00 1830.00 321 94
1254 2762.00 1178.00 321 4
1255 342.00 359.00 321 5
1256 48.00 2408.00 321 48
1257 703.00 3459.00 321 64
1258 1990.00 3125.00 321 89
1259 1373.00 3166.00 321 2
1260 324.00 3413.00 321 11
1261 1971.00 1600.00 321 59
1262 1624.00 3861.00 321 74
1263 1741.00 614.00 321 47
1264 910.00 3440.00 321 39
1265 1583.00 2660.00 321 82
1266 2298.00 2854.00 321 92
1267 1671.00 3463.00 321 85
1268 129.00 1094.00 321 74
1269 2666.00 1755.00 321 40
1270 753.00 1216.00 321 48
1271 1576.00 708.00 321 71
1272 2799.00 3041.00 321 81
1273 36.00 3460.00 321 96
1274 437.00 532.00 321 78
1275 1156.00 2200.00 321 36
1276 735.00 2780.00 321 67
1277 735.00 2814.00 321 61
1278 2540.00 1358.00 321 7
1279 270.00 3784.00 321 76
1280 1855.00 1794.00 321 47
1281 1540.00 610.00 321 7
1282 456.00 361.00 321 58
1283 247.00 382.00 321 38
1284 1292.00 1524.00 321 56
1285 2205.00 2314.00 321 65
1286 1669.00 2391.00 321 23
1287 370.00 2351.00 321 100
1288 475.00 1199.00 321 28
1289 2466.00 1075.00 321 24
1290 1488.00 2429.00 321 28
1291 896.00 1027.00 321 72
1292 1485.00 1521.00 321 53
1293 1234.00 1936.00 321 40
1294 2028.00 2239.00 321 43
1295 1061.00 3682.00 321 94
1296 524.00 122.00 321 83
1297 2070.00 1031.00 321 52
1298 2058.00 86.00 321 41
1299 10.00 2137.00 321 99
1300 243.00 918.00 321 38
1301 1410.00 1627.00 321 48
1302 1969.00 2433.00 321 78
1303 656.00 2082.00 321 14
1304 1399.00 3764.00 321 60
1305 1697.00 3847.00 321 91
1306 561.00 3879.00 321 57
1307 2074.00 1299.00 321 80
1308 850.00 3878.00 321 60
1309 2799.00 2143.00 321 73
1310 1566.00 1290.00 321 100
1311 1402.00 574.00 321 14
1312 2145.00 2354.00 321 85
1313 1645.00 91.00 321 66
1314 2643.00 1484.00 321 47
1315 819.00 3279.00 321 55
1316 2143.00 2161.00 321 70
1317 2310.00 1927.00 321 53
1318 2474.00 1953.00 321 77
1319 1650.00 856.00 321 38
1320 1453.00 731.00 321 95
1321 2666.00 1560.00 321 69
1322 1274.00 3841.00 321 54
1323 391.00 1086.00 321 97
1324 1258.00 610.00 321 96
1325 2378.00 1714.00 321 61
1326 2549.00 2103.00 321 40
1327 1063.00 3607.00 321 94
1328 674.00 3764.00 321 63
1329 1175.00 1522.00 321 75
1330 2617.00 1525.00 321 79
1331 1739.00 2779.00 321 85
1332 1794.00 3802.00 321 63
1333 2146.00 2122.00 321 27
1334 2281.00 1164.00 321 75
1335 2798.00 3563.00 321 51
1336 2492.00 3286.00 321 61
1337 49.00 1404.00 321 29
1338 1372.00 3240.00 321 26
1339 51.00 1366.00 321 42
1340 2660.00 538.00 321 18
1341 752.00 1520.00 321 8
1342 1160.00 3645.00 321 43
1343 598.00 2592.00 321 76
1344 2204.00 2430.00 321 38
1345 2665.00 1935.00 321 80
1346 2378.00 168.00 321 33
1347 435.00 1357.00 321 40
1348 203.00 2877.00 321 78
1349 113.00 3624.00 321 60
1350 4.00 602.00 321 49
1351 1854.00 2201.00 321 5
1352 1789.00 2368.00 321 38
1353 89.00 2757.00 321 7
1354 1785.00 2431.00 321 3
1355 167.00 1711.00 321 32
1356 166.00 2869.00 321 64
1357 347.00 3687.00 321 23
1358 848.00 3607.00 321 61
1359 1490.00 2080.00 321 32
1360 2378.00 1597.00 321 77
1361 463.00 3200.00 321 58
1362 2761.00 2903.00 321 45
1363 1452.00 492.00 321 77
1364 1488.00 1715.00 321 6
1365 522.00 2631.00 321 2
1366 529.00 610.00 321 85
1367 464.00 3434.00 321 4
1368 2351.00 534.00 321 46
1369 1141.00 768.00 321 89
1370 931.00 205.00 321 99
1371 2068.00 1182.00 321 51
1372 1186.00 3743.00 321 38
1373 1336.00 650.00 321 55
1374 2107.00 2095.00 321 79
1375 11.00 2333.00 321 72
1376 1796.00 2816.00 321 54
1377 2377.00 2388.00 321 55
1378 1531.00 167.00 321 54
1379 283.00 1473.00 321 3
1380 2290.00 2585.00 321 4
1381 2494.00 1559.00 321 10
1382 2458.00 392.00 321 78
1383 600.00 2239.00 321 26
1384 2657.00 1159.00 321 90
1385 2425.00 1394.00 321 89
1386 2792.00 75.00 321 35
1387 2279.00 3184.00 321 47
1388 91.00 2343.00 321 37
1389 10.00 2801.00 321 81
1390 105.00 3102.00 321 21
1391 415.00 479.00 321 65
1392 2148.00 848.00 321 71
1393 2301.00 2933.00 321 20
1394 204.00 2643.00 321 64
1395 1272.00 3606.00 321 92
1396 1911.00 3416.00 321 80
1397 1053.00 1284.00 321 100
1398 2761.00 2983.00 321 34
1399 1798.00 2742.00 321 69
1400 558.00 3685.00 321 5
1401 1333.00 885.00 321 58
1402 283.00 1822.00 321 80
1403 301.00 244.00 321 63
1404 2803.00 1034.00 321 62
1405 2212.00 2699.00 321 64
1406 268.00 3665.00 321 11
1407 2659.00 368.00 321 19
1408 732.00 2896.00 321 46
1409 965.00 459.00 321 88
1410 2321.00 1832.00 321 44
1411 2667.00 2025.00 321 88
1412 674.00 3844.00 321 80
1413 204.00 2953.00 321 17
1414 926.00 2391.00 321 37
1415 87.00 2872.00 321 83
1416 270.00 3820.00 321 49
1417 1856.00 770.00 321 61
1418 1788.00 2160.00 321 97
1419 1272.00 2737.00 321 99
1420 1086.00 533.00 321 89
1421 1343.00 3049.00 321 74
1422 521.00 2823.00 321 85
1423 88.00 1676.00 321 20
1424 1651.00 534.00 321 54
1425 560.00 3839.00 321 67
1426 732.00 3237.00 321 2
1427 1742.00 766.00 321 68
1428 2701.00 3621.00 321 14
1429 1097.00 1524.00 321 78
1430 1954.00 1028.00 321 40
1431 483.00 2592.00 321 53
1432 1911.00 3201.00 321 2
1433 2146.00 2393.00 321 24
1434 658.00 2239.00 321 96
1435 2376.00 2943.00 321 26
1436 2493.00 2255.00 321 29
1437 2571.00 325.00 321 43
1438 1583.00 3801.00 321 46
1439 2645.00 2984.00 321 54
1440 280.00 2910.00 321 50
1441 2714.00 2345.00 321 70
1442 1972.00 2201.00 321 95
1443 2193.00 1221.00 321 28
1444 2349.00 1114.00 321 66
1445 1273.00 2852.00 321 83
1446 1937.00 53.00 321 2
1447 1158.00 3201.00 321 6
1448 1054.00 1363.00 321 26
1449 2376.00 3057.00 321 1
1450 2733.00 2374.00 321 76
1451 1254.00 324.00 321 7
1452 202.00 2353.00 321 54
1453 2760.00 2066.00 321 22
1454 1046.00 322.00 321 40
1455 119.00 728.00 321 51
1456 270.00 3624.00 321 70
1457 558.00 3201.00 321 33
1458 689.00 890.00 321 93
1459 2027.00 2317.00 321 77
1460 148.00 358.00 321 58
1461 2308.00 1966.00 321 83
1462 2181.00 3242.00 321 55
1463 2658.00 208.00 321 66
1464 -23.00 1994.00 321 44
1465 1099.00 334.00 321 97
1466 168.00 1858.00 321 24
1467 657.00 2274.00 321 77
1468 2148.00 728.00 321 30
1469 843.00 361.00 321 81
1470 9.00 2524.00 321 60
1471 2492.00 1634.00 321 4
1472 2801.00 2183.00 321 46
1473 2009.00 2024.00 321 81
1474 2665.00 1836.00 321 31
1475 2195.00 1378.00 321 89
1476 1376.00 333.00 321 34
1477 879.00 1065.00 321 43
1478 1795.00 3277.00 321 7
1479 231.00 3288.00 321 10
1480 656.00 2198.00 321 34
1481 1429.00 2198.00 321 77
1482 1202.00 1000.00 321 100
1483 2665.00 2220.00 321 27
1484 1795.00 2892.00 321 58
1485 230.00 1471.00 321 69
1486 2621.00 -5.00 321 46
1487 1795.00 3320.00 321 90
1488 1697.00 3418.00 321 60
1489 1408.00 3862.00 321 15
1490 1251.00 128.00 321 95
1491 2550.00 2141.00 321 51
1492 829.00 3000.00 321 56
1493 1584.00 3764.00 321 34
1494 129.00 1443.00 321 46
1495 1327.00 126.00 321 12
1496 126.00 1250.00 321 63
1497 559.00 3125.00 321 1
1498 1283.00 86.00 321 75
1499 522.00 951.00 321 86
1500 945.00 1870.00 321 41
1501 945.00 3203.00 321 20
1502 2568.00 3350.00 321 60
1503 1988.00 3606.00 321 92
1504 1584.00 3417.00 321 97
1505 2761.00 1775.00 321 26
1506 167.00 1901.00 321 44
1507 484.00 2552.00 321 75
1508 2320.00 1598.00 321 14
1509 930.00 85.00 321 33
1510 1158.00 3088.00 321 33
1511 2732.00 3467.00 321 57
1512 321.00 1277.00 321 55
1513 1796.00 3243.00 321 16
1514 1489.00 2314.00 321 61
1515 641.00 1415.00 321 41
1516 2501.00 1342.00 321 86
1517 395.00 2952.00 321 92
1518 426.00 685.00 321 46
1519 958.00 690.00 321 81
1520 2703.00 1680.00 321 11
1521 106.00 972.00 321 15
1522 50.00 1288.00 321 24
1523 1547.00 2699.00 321 78
1524 1031.00 3009.00 321 29
1525 672.00 3241.00 321 22
1526 2148.00 2240.00 321 3
1527 12.00 1594.00 321 8
1528 2666.00 2626.00 321 52
1529 1493.00 3124.00 321 13
1530 -68.00 3905.00 321 22
1531 449.00 1050.00 321 66
1532 2246.00 486.00 321 11
1533 2468.00 467.00 321 2
1534 2146.00 1635.00 321 93
1535 2378.00 2425.00 321 76
1536 23.00 968.00 321 76
1537 86.00 1408.00 321 55
1538 850.00 3242.00 321 33
1539 2378.00 1752.00 321 81
1540 2494.00 2429.00 321 85
1541 1232.00 395.00 321 18
1542 63.00 360.00 321 33
1543 641.00 805.00 321 18
1544 2147.00 1107.00 321 61
1545 12.00 1249.00 321 50
1546 438.00 1665.00 321 84
1547 2179.00 243.00 321 93
1548 733.00 3020.00 321 15
1549 526.00 1415.00 321 6
1550 2199.00 2273.00 321 65
1551 212.00 110.00 321 51
1552 319.00 1899.00 321 4
1553 1942.00 90.00 321 53
1554 2541.00 1121.00 321 70
1555 1055.00 1431.00 321 32
1556 1059.00 3529.00 321 24
1557 2712.00 3194.00 321 11
1558 1582.00 3572.00 321 91
1559 2797.00 3389.00 321 50
1560 1142.00 804.00 321 66
1561 429.00 804.00 321 43
1562 15.00 1210.00 321 58
1563 1971.00 1717.00 321 39
1564 1565.00 1370.00 321 47
1565 321.00 1743.00 321 26
1566 559.00 3279.00 321 54
1567 1584.00 3223.00 321 44
1568 1539.00 689.00 321 40
1569 434.00 2062.00 321 1
1570 1836.00 1214.00 321 96
1571 1911.00 3318.00 321 57
1572 736.00 3164.00 321 11
1573 281.00 1743.00 321 54
1574 681.00 164.00 321 57
1575 1855.00 576.00 321 22
1576 281.00 2832.00 321 74
1577 1064.00 3162.00 321 32
1578 1941.00 536.00 321 37
1579 1668.00 2044.00 321 85
1580 92.00 2420.00 321 42
1581 50.00 2757.00 321 11
1582 1059.00 3280.00 321 67
1583 155.00 3665.00 321 12
1584 2763.00 2222.00 321 38
1585 1863.00 1329.00 321 26
1586 861.00 2487.00 321 22
1587 1654.00 730.00 321 78
1588 598.00 2863.00 321 11
1589 320.00 2949.00 321 38
1590 677.00 3320.00 321 13
1591 2543.00 691.00 321 74
1592 1986.00 3766.00 321 84
1593 1395.00 1192.00 321 94
1594 2543.00 579.00 321 23
1595 2203.00 1521.00 321 44
1596 2136.00 2641.00 321 78
1597 2322.00 1755.00 321 7
1598 2801.00 1581.00 321 15
1599 2261.00 1026.00 321 87
1600 2800.00 2337.00 321 64
1601 2318.00 1638.00 321 15
1602 628.00 2998.00 321 98
1603 2494.00 249.00 321 1
1604 1697.00 2664.00 321 2
1605 2264.00 167.00 321 44
1606 734.00 3320.00 321 9
1607 2494.00 245.00 321 82
1608 1139.00 1869.00 321 7
1609 2763.00 1330.00 321 37
1610 1971.00 1521.00 321 19
1611 2800.00 1098.00 321 84
1612 367.00 823.00 321 99
1613 1699.00 3260.00 321 80
1614 2227.00 108.00 321 78
1615 281.00 1395.00 321 14
1616 1343.00 2547.00 321 21
1617 229.00 452.00 321 47
1618 347.00 3275.00 321 29
1619 155.00 3123.00 321 19
1620 926.00 2469.00 321 20
1621 112.00 3699.00 321 99
1622 111.00 168.00 321 43
1623 2581.00 770.00 321 39
1624 732.00 3804.00 321 31
1625 305.00 325.00 321 18
1626 112.00 3663.00 321 98
1627 2183.00 2661.00 321 93
1628 2321.00 1717.00 321 27
1629 1440.00 321.00 321 60
1630 1758.00 1524.00 321 62
1631 1274.00 2490.00 321 8
1632 773.00 1307.00 321 85
1633 365.00 2582.00 321 81
1634 348.00 2503.00 321 68
1635 2800.00 1216.00 321 50
1636 1660.00 1559.00 321 89
1637 127.00 1713.00 321 58
1638 348.00 3547.00 321 47
1639 2468.00 283.00 321 64
1640 2266.00 534.00 321 20
1641 1415.00 327.00 321 18
1642 1356.00 1172.00 321 84
1643 116.00 3819.00 321 37
1644 2267.00 615.00 321 12
1645 2512.00 1436.00 321 2
1646 2831.00 309.00 321 79
1647 2145.00 1558.00 321 35
1648 344.00 3839.00 321 92
1649 1706.00 2082.00 321 59
1650 1468.00 2613.00 321 20
1651 1155.00 2661.00 321 95
1652 2149.00 244.00 321 98
1653 11.00 2256.00 321 87
1654 211.00 3514.00 321 11
1655 484.00 2671.00 321 53
1656 166.00 2315.00 321 18
1657 1988.00 3203.00 321 38
1658 125.00 2258.00 321 79
1659 1442.00 242.00 321 22
1660 130.00 1678.00 321 73
1661 1601.00 1522.00 321 100
1662 888.00 2353.00 321 77
1663 1239.00 1174.00 321 1
1664 780.00 3572.00 321 90
1665 945.00 3359.00 321 70
1666 1970.00 1643.00 321 97
1667 2263.00 1104.00 321 59
1668 1093.00 1452.00 321 9
1669 2800.00 2411.00 321 22
1670 675.00 3279.00 321 1
1671 1195.00 2278.00 321 63
1672 2350.00 614.00 321 16
1673 1074.00 727.00 321 41
1674 1448.00 3124.00 321 50
1675 2148.00 1063.00 321 89
1676 367.00 2079.00 321 38
1677 91.00 1058.00 321 74
1678 1062.00 3730.00 321 16
1679 897.00 3859.00 321 28
1680 2761.00 2372.00 321 85
1681 280.00 2312.00 321 24
1682 928.00 2081.00 321 61
1683 1698.00 2894.00 321 61
1684 1796.00 3647.00 321 45
1685 676.00 1821.00 321 33
1686 2418.00 836.00 321 27
1687 595.00 2900.00 321 38
1688 924.00 2508.00 321 68
1689 482.00 2784.00 321 44
1690 1451.00 612.00 321 22
1691 607.00 3341.00 321 58
1692 1390.00 2982.00 321 71
1693 1751.00 1409.00 321 80
1694 641.00 883.00 321 83
1695 534.00 2179.00 321 68
1696 1062.00 2657.00 321 28
1697 2299.00 2700.00 321 10
1698 2229.00 406.00 321 72
1699 435.00 1552.00 321 91
1700 1932.00 2430.00 321 26
1701 1781.00 128.00 321 66
1702 2068.00 1223.00 321 89
1703 2319.00 2122.00 321 59
1704 2504.00 3813.00 321 88
1705 153.00 3397.00 321 28
1706 344.00 3087.00 321 78
1707 90.00 2806.00 321 49
1708 2287.00 2169.00 321 34
1709 1452.00 805.00 321 4
1710 1368.00 3612.00 321 66
1711 2377.00 1679.00 321 65
1712 2763.00 656.00 321 16
1713 1423.00 3532.00 321 81
1714 2788.00 2167.00 321 86
1715 1153.00 3686.00 321 79
1716 1741.00 575.00 321 21
1717 38.00 3941.00 321 65
1718 2801.00 538.00 321 85
1719 782.00 1630.00 321 86
1720 2095.00 2229.00 321 5
1721 1729.00 2913.00 321 46
1722 1260.00 571.00 321 68
1723 1567.00 1131.00 321 81
1724 804.00 2041.00 321 91
1725 77.00 3702.00 321 48
1726 2598.00 1314.00 321 100
1727 165.00 1360.00 321 10
1728 850.00 3283.00 321 28
1729 888.00 2083.00 321 63
1730 1740.00 692.00 321 28
1731 2568.00 3037.00 321 1
1732 996.00 1261.00 321 99
1733 689.00 843.00 321 96
1734 522.00 1223.00 321 43
1735 2590.00 393.00 321 41
1736 1539.00 573.00 321 25
1737 272.00 3161.00 321 94
1738 1042.00 1706.00 321 83
1739 478.00 1665.00 321 71
1740 1942.00 572.00 321 63
1741 1913.00 1787.00 321 7
1742 2549.00 2473.00 321 32
1743 1699.00 2702.00 321 42
1744 1631.00 3607.00 321 60
1745 2068.00 1142.00 321 92
1746 165.00 2721.00 321 68
1747 442.00 3919.00 321 68
1748 2146.00 2278.00 321 100
1749 271.00 3318.00 321 18
1750 167.00 1781.00 321 25
1751 824.00 1976.00 321 65
1752 1333.00 1872.00 321 79
1753 1951.00 1257.00 321 80
1754 2265.00 203.00 321 24
1755 562.00 3645.00 321 1
1756 1206.00 2489.00 321 94
1757 2106.00 3277.00 321 31
1758 826.00 3821.00 321 31
1759 639.00 1298.00 321 66
1760 2493.00 2547.00 321 25
1761 1748.00 1213.00 321 75
1762 2549.00 1832.00 321 28
1763 1862.00 1402.00 321 6
1764 164.00 2523.00 321 75
1765 2144.00 1793.00 321 46
1766 1583.00 2933.00 321 63
1767 1929.00 3049.00 321 64
1768 483.00 2630.00 321 78
1769 1156.00 2278.00 321 26
1770 2377.00 2547.00 321 91
1771 1252.00 206.00 321 90
1772 534.00 473.00 321 79
1773 1022.00 1522.00 321 87
1774 1584.00 3842.00 321 59
1775 88.00 1327.00 321 10
1776 2641.00 411.00 321 97
1777 1144.00 1909.00 321 50
1778 1679.00 1484.00 321 76
1779 50.00 1483.00 321 73
1780 2799.00 1656.00 321 41
1781 2186.00 1142.00 321 35
1782 1944.00 614.00 321 4
1783 2203.00 1557.00 321 17
1784 1986.00 3280.00 321 60
1785 1064.00 2739.00 321 96
1786 312.00 465.00 321 69
1787 947.00 2815.00 321 16
1788 1631.00 1473.00 321 41
1789 1605.00 2199.00 321 42
1790 2548.00 2627.00 321 37
1791 1855.00 1678.00 321 72
1792 115.00 3547.00 321 91
1793 348.00 3798.00 321 89
1794 1060.00 2894.00 321 27
1795 1854.00 652.00 321 7
1796 2378.00 2624.00 321 80
1797 300.00 163.00 321 78
1798 164.00 2392.00 321 57
1799 806.00 107.00 321 72
1800 730.00 359.00 321 84
1801 281.00 1161.00 321 24
1802 773.00 2180.00 321 78
1803 64.00 453.00 321 99
1804 2377.00 2981.00 321 55
1805 125.00 1172.00 321 3
1806 155.00 3551.00 321 96
1807 127.00 2564.00 321 1
1808 2799.00 3195.00 321 48
1809 1157.00 2042.00 321 86
1810 1557.00 2215.00 321 4
1811 886.00 2003.00 321 58
1812 75.00 3462.00 321 59
1813 2030.00 2084.00 321 36
1814 713.00 1872.00 321 9
1815 1448.00 1873.00 321 87
1816 639.00 1145.00 321 51
1817 1457.00 2775.00 321 92
1818 1640.00 3473.00 321 14
1819 1352.00 2311.00 321 47
1820 1795.00 3129.00 321 18
1821 320.00 1430.00 321 25
1822 2666.00 2470.00 321 62
1823 1391.00 1776.00 321 56
1824 2720.00 3100.00 321 50
1825 1912.00 2895.00 321 56
1826 385.00 2524.00 321 6
1827 525.00 689.00 321 64
1828 1298.00 531.00 321 29
1829 2059.00 615.00 321 98
1830 1357.00 1068.00 321 9
1831 164.00 2120.00 321 61
1832 1710.00 655.00 321 12
1833 1432.00 1073.00 321 81
1834 1102.00 1910.00 321 54
1835 1157.00 2351.00 321 77
1836 826.00 440.00 321 84
1837 2144.00 2200.00 321 2
1838 17.00 2052.00 321 1
1839 558.00 3766.00 321 82
1840 33.00 167.00 321 9
1841 1719.00 1525.00 321 50
1842 2327.00 3416.00 321 1
1843 1736.00 2963.00 321 89
1844 427.00 884.00 321 12
1845 1741.00 658.00 321 74
1846 2202.00 1673.00 321 47
1847 1328.00 3417.00 321 47
1848 49.00 2564.00 321 79
1849 129.00 1599.00 321 6
1850 1044.00 763.00 321 36
1851 1943.00 693.00 321 42
1852 321.00 1821.00 321 7
1853 1272.00 2961.00 321 43
1854 322.00 524.00 321 21
1855 2686.00 2868.00 321 87
1856 477.00 1241.00 321 14
1857 2744.00 18.00 321 17
1858 1949.00 2553.00 321 12
1859 322.00 48.00 321 97
1860 313.00 801.00 321 32
1861 2339.00 3260.00 321 50
1862 2798.00 3312.00 321 7
1863 1158.00 3356.00 321 76
1864 2106.00 2701.00 321 30
1865 1233.00 3280.00 321 41
1866 279.00 1061.00 321 93
1867 2543.00 131.00 321 19
1868 1970.00 1754.00 321 48
1869 1191.00 2576.00 321 92
1870 203.00 2197.00 321 71
1871 296.00 3743.00 321 61
1872 2752.00 3198.00 321 95
1873 321.00 2680.00 321 69
1874 2493.00 2061.00 321 66
1875 1477.00 2491.00 321 38
1876 1236.00 1135.00 321 68
1877 1896.00 365.00 321 43
1878 1012.00 2100.00 321 27
1879 1912.00 2703.00 321 25
1880 2240.00 341.00 321 68
1881 2377.00 1870.00 321 17
1882 34.00 362.00 321 22
1883 1488.00 3085.00 321 100
1884 2660.00 656.00 321 42
1885 767.00 323.00 321 78
1886 1047.00 125.00 321 50
1887 319.00 2274.00 321 93
1888 1370.00 2782.00 321 20
1889 166.00 1084.00 321 58
1890 1583.00 3065.00 321 90
1891 843.00 1399.00 321 96
1892 460.00 3489.00 321 8
1893 2454.00 2041.00 321 15
1894 2550.00 1874.00 321 23
1895 2436.00 1431.00 321 19
1896 86.00 1211.00 321 74
1897 128.00 1522.00 321 49
1898 2436.00 2729.00 321 21
1899 2551.00 1798.00 321 94
1900 803.00 2142.00 321 34
1901 2656.00 1042.00 321 2
1902 484.00 2313.00 321 54
1903 2493.00 1601.00 321 70
1904 1369.00 2894.00 321 71
1905 598.00 2707.00 321 3
1906 1866.00 1020.00 321 75
1907 49.00 2370.00 321 45
1908 1942.00 2277.00 321 48
1909 113.00 3610.00 321 24
1910 655.00 2469.00 321 23
1911 1696.00 3041.00 321 56
1912 1795.00 3686.00 321 22
1913 769.00 1906.00 321 89
1914 50.00 1673.00 321 59
1915 674.00 1908.00 321 72
1916 16.00 2962.00 321 62
1917 1313.00 1783.00 321 54
1918 2058.00 981.00 321 44
1919 2253.00 1463.00 321 70
1920 173.00 3143.00 321 98
1921 2377.00 449.00 321 97
1922 1988.00 2743.00 321 15
1923 37.00 3547.00 321 29
1924 2029.00 1680.00 321 82
1925 319.00 1239.00 321 56
1926 2265.00 689.00 321 48
1927 1954.00 972.00 321 15
1928 14.00 1521.00 321 78
1929 1819.00 214.00 321 18
1930 2646.00 1486.00 321 4
1931 2115.00 2584.00 321 52
1932 2029.00 2665.00 321 40
1933 2105.00 3723.00 321 39
1934 1910.00 3649.00 321 19
1935 1004.00 1636.00 321 92
1936 1855.00 2356.00 321 83
1937 2069.00 1069.00 321 53
1938 640.00 648.00 321 5
1939 1158.00 3569.00 321 59
1940 523.00 2862.00 321 86
1941 2543.00 734.00 321 86
1942 368.00 2313.00 321 25
1943 1750.00 1250.00 321 78
1944 1605.00 1190.00 321 46
1945 2263.00 1182.00 321 79
1946 281.00 2949.00 321 62
1947 90.00 1483.00 321 61
1948 1757.00 2374.00 321 68
1949 221.00 3338.00 321 22
1950 559.00 390.00 321 76
1951 729.00 166.00 321 34
1952 933.00 321.00 321 45
1953 166.00 2567.00 321 75
1954 1401.00 976.00 321 66
1955 675.00 3684.00 321 66
1956 1254.00 283.00 321 70
1957 561.00 3724.00 321 20
1958 597.00 2317.00 321 33
1959 461.00 3235.00 321 40
1960 1108.00 2912.00 321 80
1961 869.00 1870.00 321 26
1962 1092.00 764.00 321 58
1963 1583.00 3182.00 321 20
1964 435.00 1281.00 321 21
1965 16.00 1095.00 321 55
1966 890.00 848.00 321 17
1967 126.00 2720.00 321 59
1968 434.00 1202.00 321 41
1969 557.00 1872.00 321 65
1970 2067.00 1107.00 321 14
1971 2698.00 39.00 321 5
1972 2295.00 3280.00 321 18
1973 2068.00 1259.00 321 90
1974 734.00 3087.00 321 58
1975 2319.00 2430.00 321 64
1976 1797.00 2934.00 321 50
1977 4.00 554.00 321 46
1978 2222.00 2990.00 321 32
1979 49.00 2681.00 321 46
1980 1750.00 1059.00 321 40
1981 -66.00 3134.00 321 33
1982 1105.00 805.00 321 66
1983 2465.00 1471.00 321 39
1984 1581.00 2852.00 321 44
1985 167.00 1550.00 321 16
1986 1563.00 1524.00 321 35
1987 1336.00 768.00 321 9
1988 1630.00 2530.00 321 19
1989 2290.00 2230.00 321 30
1990 598.00 1607.00 321 32
1991 281.00 1999.00 321 34
1992 2380.00 1433.00 321 35
1993 154.00 3314.00 321 72
1994 2659.00 441.00 321 40
1995 2543.00 847.00 321 29
1996 1564.00 331.00 321 25
1997 1369.00 2701.00 321 8
1998 2029.00 1755.00 321 51
1999 2426.00 1358.00 321 39
2000 347.00 3876.00 321 83