300 50
0 1322.00 1921.00
1 947.00 2815.00 321 16
2 1312.00 3586.00 321 55
3 1682.00 249.00 321 7
4 281.00 1161.00 321 24
5 2864.00 3474.00 321 17
6 405.00 3906.00 321 95
7 1206.00 2489.00 321 94
8 428.00 843.00 321 45
9 1678.00 3280.00 321 67
10 477.00 1241.00 321 14
11 77.00 3778.00 321 22
12 2029.00 1561.00 321 63
13 2115.00 2584.00 321 52
14 2059.00 615.00 321 98
15 2492.00 3286.00 321 61
16 321.00 2680.00 321 69
17 50.00 2176.00 321 17
18 1630.00 2530.00 321 19
19 428.00 768.00 321 8
20 1172.00 1292.00 321 24
21 558.00 3240.00 321 50
22 1158.00 3201.00 321 6
23 890.00 848.00 321 17
24 2549.00 2218.00 321 27
25 2301.00 2896.00 321 42
26 10.00 1637.00 321 31
27 2305.00 188.00 321 9
28 2349.00 1232.00 321 6
29 1249.00 163.00 321 78
30 656.00 2509.00 321 56
31 2865.00 3515.00 321 23
32 948.00 1909.00 321 38
33 152.00 3744.00 321 23
34 2660.00 500.00 321 83
35 1528.00 283.00 321 99
36 1951.00 893.00 321 70
37 930.00 370.00 321 59
38 1003.00 3426.00 321 9
39 2549.00 2473.00 321 32
40 1832.00 3339.00 321 54
41 2548.00 2064.00 321 84
42 1852.00 2431.00 321 48
43 1789.00 73.00 321 54
44 1856.00 1562.00 321 48
45 128.00 2080.00 321 8
46 2322.00 1872.00 321 3
47 886.00 2241.00 321 59
48 2105.00 2775.00 321 51
49 51.00 2216.00 321 87
50 2761.00 1293.00 321 27
51 1379.00 2550.00 321 2
52 1795.00 3277.00 321 7
53 170.00 1471.00 321 87
54 2058.00 981.00 321 44
55 346.00 3604.00 321 87
56 598.00 2081.00 321 67
57 2683.00 3196.00 321 85
58 319.00 2199.00 321 67
59 327.00 3629.00 321 43
60 1275.00 3199.00 321 22
61 1062.00 3357.00 321 6
62 2617.00 1525.00 321 79
63 1864.00 1369.00 321 21
64 272.00 3587.00 321 9
65 732.00 2896.00 321 46
66 434.00 1202.00 321 41
67 394.00 2750.00 321 35
68 1580.00 3722.00 321 53
69 242.00 3377.00 321 35
70 1988.00 2857.00 321 97
71 2145.00 2354.00 321 85
72 322.00 48.00 321 97
73 322.00 1200.00 321 47
74 2147.00 209.00 321 2
75 1171.00 1055.00 321 80
76 1396.00 68.00 321 48
77 2376.00 3408.00 321 79
78 2542.00 657.00 321 57
79 2204.00 2430.00 321 38
80 2148.00 1333.00 321 2
81 983.00 1871.00 321 48
82 2352.00 574.00 321 3
83 1903.00 516.00 321 100
84 1542.00 727.00 321 17
85 896.00 1027.00 321 72
86 2144.00 2200.00 321 2
87 1794.00 3802.00 321 63
88 1273.00 2852.00 321 83
89 728.00 86.00 321 34
90 280.00 1240.00 321 83
91 280.00 2195.00 321 45
92 1696.00 3041.00 321 56
93 946.00 2740.00 321 31
94 881.00 1296.00 321 20
95 945.00 2856.00 321 73
96 2303.00 72.00 321 6
97 675.00 3684.00 321 66
98 1251.00 128.00 321 95
99 1272.00 2961.00 321 43
100 932.00 163.00 321 25
101 90.00 2565.00 321 83
102 850.00 3800.00 321 21
103 454.00 603.00 321 84
104 105.00 3375.00 321 26
105 1215.00 1523.00 321 69
106 634.00 1522.00 321 1
107 638.00 1455.00 321 99
108 1172.00 1330.00 321 15
109 1157.00 3880.00 321 99
110 557.00 3089.00 321 25
111 112.00 3739.00 321 68
112 655.00 1966.00 321 27
113 1451.00 765.00 321 3
114 1911.00 2858.00 321 20
115 1911.00 3278.00 321 22
116 1485.00 3010.00 321 24
117 282.00 1274.00 321 82
118 34.00 362.00 321 22
119 51.00 2796.00 321 84
120 1173.00 1093.00 321 47
121 1796.00 1505.00 321 95
122 1174.00 1179.00 321 79
123 883.00 1927.00 321 1
124 463.00 3761.00 321 71
125 1736.00 2719.00 321 42
126 2300.00 2964.00 321 43
127 1719.00 1525.00 321 50
128 707.00 1146.00 321 33
129 2665.00 1728.00 321 96
130 2438.00 875.00 321 3
131 169.00 1743.00 321 87
132 1854.00 2201.00 321 5
133 1063.00 2816.00 321 58
134 2656.00 1118.00 321 32
135 759.00 2718.00 321 52
136 88.00 2137.00 321 63
137 1142.00 729.00 321 65
138 1194.00 3144.00 321 100
139 2338.00 1452.00 321 73
140 1642.00 1871.00 321 32
141 2144.00 651.00 321 82
142 943.00 3242.00 321 47
143 1939.00 325.00 321 66
144 997.00 1298.00 321 74
145 1582.00 3572.00 321 91
146 128.00 1132.00 321 31
147 2800.00 3083.00 321 65
148 1258.00 610.00 321 96
149 2068.00 1142.00 321 92
150 2763.00 2222.00 321 38
151 225.00 1026.00 321 22
152 1640.00 1525.00 321 33
153 2546.00 2548.00 321 32
154 2228.00 76.00 321 57
155 1234.00 2182.00 321 10
156 2759.00 1098.00 321 54
157 703.00 3459.00 321 64
158 49.00 1404.00 321 29
159 231.00 2490.00 321 23
160 2076.00 1813.00 321 93
161 1701.00 3223.00 321 37
162 368.00 2001.00 321 20
163 2179.00 243.00 321 93
164 2761.00 1698.00 321 17
165 1699.00 3260.00 321 80
166 2529.00 1003.00 321 59
167 1488.00 3878.00 321 57
168 1795.00 3129.00 321 18
169 149.00 207.00 321 41
170 1158.00 3356.00 321 76
171 2268.00 282.00 321 73
172 282.00 1860.00 321 15
173 127.00 1713.00 321 58
174 521.00 2787.00 321 39
175 462.00 3801.00 321 17
176 1586.00 2815.00 321 9
177 1795.00 2892.00 321 58
178 283.00 1822.00 321 80
179 204.00 2836.00 321 50
180 262.00 436.00 321 50
181 2540.00 877.00 321 18
182 713.00 1872.00 321 9
183 1866.00 1099.00 321 27
184 2058.00 328.00 321 91
185 1361.00 1626.00 321 54
186 1720.00 1598.00 321 65
187 50.00 2643.00 321 6
188 1530.00 245.00 321 66
189 734.00 3087.00 321 58
190 1458.00 2546.00 321 82
191 2802.00 732.00 321 37
192 367.00 1268.00 321 41
193 396.00 976.00 321 50
194 214.00 951.00 321 84
195 2150.00 91.00 321 66
196 1279.00 990.00 321 1
197 521.00 2941.00 321 6
198 946.00 3647.00 321 86
199 2299.00 2700.00 321 10
200 995.00 1145.00 321 63
201 2647.00 2711.00 321 73
202 126.00 2607.00 321 8
203 2251.00 1813.00 321 70
204 2378.00 1597.00 321 77
205 523.00 1454.00 321 8
206 674.00 3086.00 321 52
207 35.00 3622.00 321 12
208 1866.00 1020.00 321 75
209 1970.00 1643.00 321 97
210 1851.00 2990.00 321 17
211 1652.00 614.00 321 87
212 319.00 2118.00 321 80
213 1175.00 1522.00 321 75
214 2312.00 650.00 321 86
215 2830.00 194.00 321 90
216 2801.00 2183.00 321 46
217 1643.00 167.00 321 31
218 2465.00 129.00 321 38
219 1540.00 767.00 321 13
220 1334.00 1754.00 321 28
221 1871.00 2526.00 321 13
222 235.00 843.00 321 63
223 523.00 1377.00 321 64
224 1370.00 3723.00 321 65
225 1624.00 3861.00 321 74
226 1449.00 1172.00 321 79
227 38.00 3941.00 321 65
228 1951.00 1257.00 321 80
229 681.00 164.00 321 57
230 319.00 1239.00 321 56
231 1697.00 3568.00 321 88
232 283.00 1473.00 321 3
233 1700.00 3109.00 321 48
234 311.00 839.00 321 42
235 998.00 1104.00 321 54
236 638.00 1256.00 321 52
237 1139.00 1869.00 321 7
238 1375.00 1231.00 321 88
239 1171.00 1368.00 321 70
240 731.00 3644.00 321 51
241 1669.00 2391.00 321 23
242 2067.00 1107.00 321 14
243 125.00 2219.00 321 35
244 2350.00 244.00 321 11
245 2568.00 3350.00 321 60
246 1048.00 805.00 321 2
247 1489.00 2813.00 321 4
248 394.00 3260.00 321 84
249 2264.00 167.00 321 44
250 2507.00 561.00 321 38
251 1258.00 864.00 321 64
252 212.00 110.00 321 51
253 1452.00 1056.00 321 51
254 850.00 3878.00 321 60
255 2147.00 282.00 321 6
256 847.00 2929.00 321 64
257 2149.00 1031.00 321 91
258 1604.00 2391.00 321 6
259 1062.00 3647.00 321 20
260 2791.00 231.00 321 26
261 927.00 2159.00 321 88
262 886.00 2003.00 321 58
263 2028.00 1795.00 321 35
264 2027.00 2393.00 321 32
265 313.00 767.00 321 51
266 1890.00 3540.00 321 5
267 2466.00 574.00 321 77
268 930.00 804.00 321 19
269 247.00 382.00 321 38
270 2568.00 3119.00 321 97
271 523.00 766.00 321 12
272 1162.00 465.00 321 74
273 94.00 1606.00 321 100
274 120.00 805.00 321 71
275 2543.00 847.00 321 29
276 1751.00 1409.00 321 80
277 1548.00 2553.00 321 3
278 674.00 3802.00 321 63
279 387.00 781.00 321 19
280 1425.00 2493.00 321 86
281 1613.00 3420.00 321 86
282 1062.00 3131.00 321 23
283 2147.00 1107.00 321 61
284 2623.00 3945.00 321 10
285 1678.00 1524.00 321 58
286 296.00 3558.00 321 96
287 346.00 1899.00 321 12
288 281.00 2355.00 321 38
289 246.00 1373.00 321 53
290 879.00 1065.00 321 43
291 2253.00 1463.00 321 70
292 730.00 359.00 321 84
293 1988.00 3646.00 321 33
294 782.00 1630.00 321 86
295 -4.00 3873.00 321 23
296 2590.00 2333.00 321 90
297 2605.00 3109.00 321 38
298 2380.00 1524.00 321 40
299 2667.00 2064.00 321 27
300 2543.00 170.00 321 29