200 35
0 1322.00 2000.00
1 849.00 3125.00 321 48
2 1059.00 1092.00 321 78
3 1574.00 1596.00 321 6
4 484.00 2863.00 321 48
5 290.00 1972.00 321 58
6 1335.00 803.00 321 18
7 729.00 130.00 321 49
8 1315.00 1152.00 321 41
9 461.00 3685.00 321 26
10 1443.00 88.00 321 80
11 2205.00 1789.00 321 32
12 435.00 1552.00 321 91
13 1142.00 729.00 321 65
14 1709.00 2429.00 321 23
15 727.00 628.00 321 20
16 2377.00 2099.00 321 77
17 2665.00 2550.00 321 64
18 1370.00 3765.00 321 83
19 675.00 1521.00 321 70
20 1530.00 323.00 321 26
21 526.00 204.00 321 46
22 512.00 2040.00 321 23
23 1405.00 211.00 321 21
24 2548.00 2431.00 321 4
25 1206.00 2489.00 321 94
26 154.00 3707.00 321 46
27 34.00 372.00 321 10
28 2628.00 1715.00 321 59
29 2659.00 618.00 321 49
30 2350.00 727.00 321 88
31 1679.00 1484.00 321 76
32 282.00 2640.00 321 42
33 732.00 3202.00 321 6
34 1487.00 2351.00 321 46
35 2351.00 1040.00 321 55
36 223.00 2021.00 321 79
37 1911.00 3880.00 321 69
38 1584.00 3764.00 321 34
39 2658.00 577.00 321 13
40 205.00 2699.00 321 56
41 728.00 86.00 321 34
42 2146.00 1377.00 321 70
43 2661.00 701.00 321 84
44 2579.00 1893.00 321 31
45 2425.00 1394.00 321 89
46 2377.00 2388.00 321 55
47 2144.00 1677.00 321 96
48 1155.00 3166.00 321 44
49 1096.00 95.00 321 78
50 477.00 1241.00 321 14
51 205.00 2721.00 321 46
52 2251.00 1813.00 321 70
53 9.00 2448.00 321 17
54 1042.00 1706.00 321 83
55 2761.00 2983.00 321 34
56 1796.00 2816.00 321 54
57 2723.00 943.00 321 81
58 1063.00 2701.00 321 32
59 2148.00 2240.00 321 3
60 1429.00 2427.00 321 47
61 823.00 1222.00 321 36
62 947.00 3683.00 321 70
63 2244.00 2450.00 321 9
64 1060.00 2894.00 321 27
65 370.00 2351.00 321 100
66 2436.00 2729.00 321 21
67 1710.00 655.00 321 12
68 752.00 1520.00 321 8
69 595.00 2943.00 321 72
70 2377.00 2981.00 321 55
71 278.00 2115.00 321 27
72 844.00 206.00 321 18
73 280.00 2312.00 321 24
74 1855.00 2356.00 321 83
75 250.00 3220.00 321 20
76 21.00 1882.00 321 34
77 37.00 3701.00 321 47
78 2203.00 1521.00 321 44
79 1332.00 3792.00 321 60
80 2624.00 1273.00 321 87
81 2145.00 1558.00 321 35
82 1509.00 1206.00 321 76
83 2045.00 3389.00 321 74
84 1489.00 3162.00 321 43
85 1137.00 1134.00 321 9
86 2377.00 3251.00 321 34
87 281.00 1355.00 321 20
88 1731.00 325.00 321 66
89 1490.00 3316.00 321 25
90 308.00 2526.00 321 71
91 205.00 987.00 321 73
92 2529.00 1003.00 321 59
93 2761.00 497.00 321 45
94 2865.00 3515.00 321 23
95 2781.00 3940.00 321 95
96 1369.00 2935.00 321 27
97 2321.00 1522.00 321 85
98 750.00 2159.00 321 43
99 126.00 2607.00 321 8
100 1452.00 805.00 321 4
101 424.00 3687.00 321 19
102 1452.00 880.00 321 16
103 2320.00 1557.00 321 34
104 521.00 841.00 321 68
105 2312.00 650.00 321 86
106 1160.00 3645.00 321 43
107 1337.00 733.00 321 58
108 1798.00 2742.00 321 69
109 805.00 594.00 321 97
110 461.00 3235.00 321 40
111 1795.00 3129.00 321 18
112 319.00 2315.00 321 71
113 2107.00 2740.00 321 39
114 128.00 1132.00 321 31
115 1795.00 3726.00 321 31
116 164.00 2233.00 321 62
117 2448.00 2624.00 321 4
118 2792.00 384.00 321 42
119 320.00 2949.00 321 38
120 964.00 2624.00 321 92
121 462.00 3877.00 321 63
122 1273.00 3164.00 321 86
123 1911.00 3570.00 321 88
124 1058.00 1210.00 321 98
125 675.00 3396.00 321 77
126 312.00 465.00 321 69
127 231.00 2490.00 321 23
128 2548.00 2258.00 321 67
129 299.00 941.00 321 8
130 2800.00 654.00 321 68
131 369.00 2392.00 321 83
132 657.00 2274.00 321 77
133 2029.00 1680.00 321 82
134 2550.00 2591.00 321 98
135 2525.00 1880.00 321 5
136 880.00 1215.00 321 53
137 524.00 1143.00 321 75
138 523.00 1337.00 321 39
139 2539.00 1195.00 321 29
140 66.00 3215.00 321 45
141 2262.00 571.00 321 37
142 321.00 1859.00 321 9
143 156.00 3355.00 321 93
144 1273.00 3764.00 321 40
145 129.00 1094.00 321 74
146 2762.00 694.00 321 13
147 1535.00 2668.00 321 87
148 2377.00 2177.00 321 82
149 1911.00 3760.00 321 48
150 2348.00 940.00 321 61
151 1911.00 2528.00 321 15
152 135.00 3510.00 321 71
153 1158.00 3729.00 321 25
154 982.00 1521.00 321 14
155 390.00 410.00 321 28
156 435.00 1357.00 321 40
157 1334.00 533.00 321 64
158 474.00 1549.00 321 54
159 1788.00 2120.00 321 1
160 -57.00 32.00 321 57
161 2466.00 729.00 321 58
162 1059.00 3280.00 321 67
163 2590.00 2333.00 321 90
164 127.00 1485.00 321 48
165 928.00 2354.00 321 79
166 1488.00 3570.00 321 53
167 87.00 2218.00 321 25
168 1912.00 1409.00 321 11
169 -66.00 3134.00 321 33
170 1695.00 3877.00 321 70
171 11.00 2256.00 321 87
172 1454.00 687.00 321 39
173 1477.00 68.00 321 10
174 1797.00 3163.00 321 93
175 521.00 729.00 321 50
176 847.00 2736.00 321 46
177 2454.00 3444.00 321 100
178 1271.00 2701.00 321 81
179 1837.00 438.00 321 21
180 268.00 3665.00 321 11
181 561.00 3724.00 321 20
182 203.00 2120.00 321 3
183 2148.00 1333.00 321 2
184 2658.00 134.00 321 69
185 1384.00 806.00 321 27
186 1395.00 1192.00 321 94
187 523.00 245.00 321 100
188 1660.00 1559.00 321 89
189 2183.00 2893.00 321 21
190 642.00 323.00 321 80
191 2550.00 1677.00 321 55
192 2321.00 1794.00 321 45
193 1274.00 3879.00 321 39
194 1756.00 1494.00 321 43
195 867.00 3019.00 321 8
196 1252.00 3025.00 321 99
197 735.00 2780.00 321 67
198 1140.00 1523.00 321 38
199 165.00 2759.00 321 16
200 2148.00 2080.00 321 14