1000 200
0 1301.00 1954.00
1 1567.00 1405.00 321 72
2 929.00 286.00 321 92
3 322.00 1200.00 321 47
4 881.00 1296.00 321 20
5 230.00 1471.00 321 69
6 1645.00 129.00 321 66
7 2720.00 3100.00 321 50
8 944.00 3021.00 321 70
9 50.00 1754.00 321 24
10 1584.00 3258.00 321 21
11 2609.00 48.00 321 6
12 2150.00 691.00 321 56
13 483.00 2939.00 321 56
14 463.00 2277.00 321 100
15 1697.00 1389.00 321 72
16 601.00 575.00 321 71
17 2146.00 2122.00 321 27
18 1202.00 1000.00 321 100
19 2800.00 578.00 321 36
20 464.00 3163.00 321 31
21 49.00 2257.00 321 99
22 1583.00 2660.00 321 82
23 1697.00 3418.00 321 60
24 127.00 2528.00 321 11
25 2378.00 2903.00 321 76
26 377.00 1192.00 321 39
27 90.00 2373.00 321 78
28 1669.00 2317.00 321 74
29 638.00 1105.00 321 98
30 750.00 1088.00 321 79
31 1697.00 3568.00 321 88
32 1100.00 1872.00 321 2
33 964.00 2624.00 321 92
34 2686.00 2868.00 321 87
35 2240.00 1558.00 321 56
36 1062.00 3730.00 321 16
37 1698.00 2894.00 321 61
38 945.00 3275.00 321 50
39 2798.00 3563.00 321 51
40 760.00 3319.00 321 11
41 639.00 1145.00 321 51
42 1969.00 1677.00 321 50
43 825.00 1261.00 321 96
44 2107.00 3242.00 321 21
45 438.00 1473.00 321 79
46 1736.00 537.00 321 96
47 321.00 1821.00 321 7
48 2465.00 90.00 321 39
49 319.00 2118.00 321 80
50 1911.00 3760.00 321 48
51 117.00 526.00 321 86
52 9.00 2718.00 321 92
53 221.00 3338.00 321 22
54 2665.00 2139.00 321 13
55 2425.00 1394.00 321 89
56 281.00 2278.00 321 63
57 1736.00 2963.00 321 89
58 2643.00 2906.00 321 56
59 127.00 2180.00 321 79
60 1452.00 1406.00 321 71
61 2030.00 2084.00 321 36
62 1054.00 1363.00 321 26
63 163.00 2683.00 321 12
64 2015.00 3802.00 321 58
65 318.00 2233.00 321 18
66 1049.00 572.00 321 75
67 115.00 3547.00 321 91
68 2377.00 3251.00 321 34
69 2763.00 1255.00 321 67
70 932.00 883.00 321 67
71 2799.00 3041.00 321 81
72 281.00 1999.00 321 34
73 525.00 650.00 321 19
74 1777.00 2471.00 321 4
75 2107.00 2740.00 321 39
76 384.00 3512.00 321 47
77 2349.00 1114.00 321 66
78 1368.00 3840.00 321 93
79 426.00 685.00 321 46
80 948.00 1909.00 321 38
81 1622.00 3648.00 321 97
82 1720.00 1598.00 321 65
83 2182.00 2778.00 321 90
84 1251.00 128.00 321 95
85 968.00 3425.00 321 92
86 2604.00 3410.00 321 24
87 1697.00 3847.00 321 91
88 186.00 128.00 321 86
89 2798.00 3796.00 321 64
90 1699.00 3798.00 321 60
91 1056.00 1249.00 321 86
92 147.00 322.00 321 55
93 2107.00 2095.00 321 79
94 2697.00 116.00 321 70
95 733.00 3687.00 321 68
96 2704.00 2317.00 321 86
97 1135.00 247.00 321 29
98 1238.00 1408.00 321 66
99 463.00 3644.00 321 36
100 1042.00 1706.00 321 83
101 1832.00 3298.00 321 83
102 1208.00 1406.00 321 11
103 886.00 2315.00 321 25
104 1717.00 3020.00 321 33
105 1731.00 209.00 321 83
106 33.00 167.00 321 9
107 641.00 285.00 321 71
108 2466.00 323.00 321 15
109 521.00 2140.00 321 5
110 1367.00 3801.00 321 81
111 2566.00 3195.00 321 95
112 2606.00 3333.00 321 70
113 947.00 3725.00 321 57
114 33.00 126.00 321 84
115 166.00 2643.00 321 31
116 475.00 1587.00 321 72
117 2149.00 165.00 321 59
118 2028.00 2239.00 321 43
119 2062.00 538.00 321 27
120 370.00 2351.00 321 100
121 1601.00 1522.00 321 100
122 1526.00 204.00 321 23
123 2300.00 2660.00 321 30
124 478.00 1665.00 321 71
125 2539.00 1231.00 321 92
126 2388.00 942.00 321 75
127 928.00 2354.00 321 79
128 2028.00 2202.00 321 96
129 1329.00 204.00 321 9
130 1477.00 68.00 321 10
131 1481.00 223.00 321 66
132 204.00 2799.00 321 39
133 2683.00 3196.00 321 85
134 273.00 3356.00 321 8
135 637.00 1869.00 321 95
136 1988.00 2777.00 321 8
137 2830.00 77.00 321 76
138 2494.00 3095.00 321 45
139 1970.00 2392.00 321 7
140 1134.00 128.00 321 45
141 130.00 1678.00 321 73
142 1785.00 2005.00 321 99
143 89.00 2643.00 321 66
144 1853.00 2023.00 321 31
145 2659.00 618.00 321 49
146 349.00 3432.00 321 59
147 1949.00 3811.00 321 90
148 1451.00 1324.00 321 5
149 128.00 1405.00 321 1
150 2337.00 2703.00 321 75
151 434.00 2062.00 321 1
152 38.00 3941.00 321 65
153 13.00 1368.00 321 29
154 943.00 3242.00 321 47
155 1989.00 3317.00 321 32
156 1871.00 2526.00 321 13
157 2379.00 2218.00 321 4
158 1062.00 3357.00 321 6
159 2303.00 767.00 321 64
160 282.00 2869.00 321 66
161 370.00 725.00 321 86
162 321.00 2680.00 321 69
163 51.00 1444.00 321 84
164 529.00 610.00 321 85
165 1329.00 83.00 321 92
166 1045.00 608.00 321 23
167 87.00 1169.00 321 7
168 1119.00 2573.00 321 40
169 127.00 2296.00 321 86
170 2570.00 1004.00 321 42
171 90.00 1292.00 321 60
172 2666.00 2470.00 321 62
173 188.00 361.00 321 3
174 483.00 2707.00 321 33
175 1756.00 1869.00 321 25
176 803.00 2142.00 321 34
177 155.00 3627.00 321 96
178 112.00 3779.00 321 42
179 128.00 1522.00 321 49
180 376.00 2622.00 321 61
181 1050.00 2507.00 321 44
182 2029.00 1755.00 321 51
183 710.00 1301.00 321 97
184 311.00 883.00 321 7
185 1157.00 2892.00 321 16
186 2646.00 1486.00 321 4
187 1448.00 3124.00 321 50
188 2149.00 323.00 321 2
189 1047.00 887.00 321 82
190 128.00 1213.00 321 16
191 1929.00 2236.00 321 96
192 1586.00 3341.00 321 33
193 2378.00 1752.00 321 81
194 2377.00 1679.00 321 65
195 2148.00 2240.00 321 3
196 158.00 670.00 321 90
197 2800.00 3464.00 321 56
198 1333.00 1872.00 321 79
199 1652.00 575.00 321 15
200 322.00 48.00 321 97
201 1749.00 979.00 321 99
202 456.00 242.00 321 26
203 2665.00 2254.00 321 1
204 2375.00 3288.00 321 2
205 1986.00 2707.00 321 87
206 2299.00 2700.00 321 10
207 1480.00 262.00 321 60
208 455.00 1299.00 321 62
209 1005.00 2681.00 321 3
210 526.00 204.00 321 46
211 1660.00 1089.00 321 68
212 50.00 2137.00 321 100
213 475.00 1473.00 321 13
214 2320.00 1673.00 321 68
215 2543.00 579.00 321 23
216 1137.00 1134.00 321 9
217 1048.00 1056.00 321 46
218 842.00 2583.00 321 80
219 75.00 3462.00 321 59
220 1942.00 90.00 321 53
221 692.00 3587.00 321 87
222 1239.00 1288.00 321 84
223 319.00 1784.00 321 42
224 1441.00 204.00 321 63
225 205.00 2699.00 321 56
226 925.00 765.00 321 52
227 88.00 2835.00 321 47
228 2252.00 1521.00 321 70
229 944.00 3127.00 321 40
230 126.00 2334.00 321 55
231 2763.00 656.00 321 16
232 1563.00 1524.00 321 35
233 129.00 1094.00 321 74
234 2300.00 3324.00 321 25
235 1059.00 3842.00 321 74
236 1604.00 2118.00 321 98
237 871.00 1842.00 321 93
238 1584.00 3223.00 321 44
239 2252.00 2739.00 321 93
240 484.00 2748.00 321 8
241 1357.00 1251.00 321 53
242 1984.00 3880.00 321 51
243 710.00 437.00 321 54
244 2206.00 1753.00 321 75
245 204.00 2836.00 321 50
246 127.00 2416.00 321 98
247 654.00 571.00 321 100
248 2466.00 1269.00 321 29
249 321.00 1353.00 321 38
250 125.00 2158.00 321 58
251 2187.00 2932.00 321 52
252 2103.00 3801.00 321 89
253 2378.00 1558.00 321 25
254 283.00 2794.00 321 40
255 1518.00 455.00 321 39
256 2865.00 3515.00 321 23
257 889.00 2045.00 321 69
258 2567.00 3234.00 321 40
259 1487.00 2198.00 321 84
260 573.00 325.00 321 27
261 2515.00 3013.00 321 69
262 523.00 1103.00 321 31
263 436.00 1238.00 321 60
264 600.00 2239.00 321 26
265 2074.00 1299.00 321 80
266 1094.00 1355.00 321 34
267 1197.00 2119.00 321 21
268 396.00 976.00 321 50
269 1320.00 3201.00 321 91
270 1583.00 3065.00 321 90
271 2266.00 464.00 321 35
272 882.00 1263.00 321 57
273 2762.00 591.00 321 2
274 322.00 2080.00 321 76
275 164.00 2430.00 321 87
276 2106.00 3606.00 321 13
277 482.00 2824.00 321 84
278 1941.00 771.00 321 100
279 119.00 842.00 321 23
280 2543.00 734.00 321 86
281 1370.00 3569.00 321 71
282 241.00 1433.00 321 7
283 203.00 2877.00 321 78
284 1700.00 3302.00 321 4
285 1450.00 1132.00 321 88
286 2206.00 1181.00 321 51
287 1661.00 3889.00 321 82
288 2513.00 572.00 321 37
289 2378.00 2425.00 321 76
290 524.00 2745.00 321 90
291 1912.00 3086.00 321 71
292 1334.00 1754.00 321 28
293 1699.00 2816.00 321 31
294 2864.00 3474.00 321 17
295 130.00 1638.00 321 17
296 2149.00 573.00 321 25
297 2187.00 426.00 321 16
298 641.00 883.00 321 83
299 2251.00 1813.00 321 70
300 1986.00 3724.00 321 71
301 2656.00 1042.00 321 2
302 1971.00 1717.00 321 39
303 1909.00 3357.00 321 32
304 829.00 1870.00 321 99
305 437.00 1862.00 321 41
306 367.00 823.00 321 99
307 825.00 1144.00 321 63
308 2377.00 2468.00 321 30
309 2568.00 3350.00 321 60
310 397.00 3339.00 321 38
311 1159.00 2162.00 321 82
312 769.00 1906.00 321 89
313 50.00 2294.00 321 92
314 235.00 843.00 321 63
315 1699.00 2702.00 321 42
316 1370.00 1594.00 321 11
317 1061.00 3320.00 321 94
318 2268.00 282.00 321 73
319 163.00 2837.00 321 50
320 327.00 3629.00 321 43
321 1863.00 1329.00 321 26
322 281.00 2355.00 321 38
323 1128.00 633.00 321 92
324 2665.00 1935.00 321 80
325 443.00 3519.00 321 77
326 1059.00 3529.00 321 24
327 1939.00 325.00 321 66
328 1943.00 167.00 321 65
329 2666.00 1755.00 321 40
330 1062.00 2776.00 321 95
331 750.00 2159.00 321 43
332 1971.00 1087.00 321 84
333 387.00 2554.00 321 99
334 302.00 203.00 321 58
335 307.00 3501.00 321 76
336 2760.00 2338.00 321 86
337 2494.00 3403.00 321 62
338 1453.00 455.00 321 2
339 1632.00 3435.00 321 91
340 320.00 2949.00 321 38
341 1548.00 366.00 321 4
342 86.00 1248.00 321 8
343 676.00 3531.00 321 23
344 2060.00 574.00 321 62
345 2130.00 803.00 321 63
346 117.00 646.00 321 31
347 1121.00 3105.00 321 81
348 991.00 165.00 321 55
349 461.00 3235.00 321 40
350 654.00 2430.00 321 18
351 1566.00 1290.00 321 100
352 2146.00 1870.00 321 56
353 116.00 3819.00 321 37
354 49.00 2834.00 321 99
355 1809.00 182.00 321 61
356 125.00 2258.00 321 79
357 1140.00 1523.00 321 38
358 2347.00 1152.00 321 21
359 246.00 1373.00 321 53
360 2178.00 611.00 321 53
361 2801.00 2183.00 321 46
362 1601.00 3205.00 321 73
363 157.00 3861.00 321 69
364 597.00 3533.00 321 9
365 2136.00 2641.00 321 78
366 1565.00 1370.00 321 47
367 281.00 1550.00 321 54
368 2466.00 613.00 321 8
369 2667.00 2064.00 321 27
370 464.00 3606.00 321 80
371 1368.00 3612.00 321 66
372 2466.00 1038.00 321 72
373 1339.00 453.00 321 27
374 1195.00 2278.00 321 63
375 436.00 1435.00 321 25
376 2104.00 2855.00 321 52
377 2643.00 1484.00 321 47
378 946.00 2740.00 321 31
379 2541.00 212.00 321 48
380 128.00 2080.00 321 8
381 290.00 1972.00 321 58
382 1893.00 3820.00 321 51
383 1158.00 3569.00 321 59
384 2645.00 2866.00 321 50
385 2036.00 3318.00 321 54
386 850.00 3878.00 321 60
387 2703.00 1680.00 321 11
388 597.00 2516.00 321 38
389 452.00 3565.00 321 68
390 1449.00 1093.00 321 72
391 1603.00 2427.00 321 29
392 842.00 85.00 321 63
393 808.00 3444.00 321 26
394 600.00 2629.00 321 50
395 2186.00 2814.00 321 67
396 167.00 1781.00 321 25
397 2762.00 1178.00 321 4
398 1563.00 1551.00 321 73
399 2106.00 3643.00 321 42
400 674.00 3802.00 321 63
401 202.00 2079.00 321 81
402 1198.00 2238.00 321 44
403 91.00 1520.00 321 4
404 595.00 2943.00 321 72
405 1276.00 3318.00 321 66
406 2659.00 772.00 321 54
407 675.00 3726.00 321 44
408 1695.00 3877.00 321 70
409 1064.00 3162.00 321 32
410 436.00 1087.00 321 30
411 2666.00 2328.00 321 37
412 490.00 3277.00 321 40
413 2377.00 2177.00 321 82
414 86.00 1408.00 321 55
415 2319.00 2277.00 321 6
416 2666.00 2508.00 321 20
417 1142.00 610.00 321 15
418 598.00 2707.00 321 3
419 2545.00 92.00 321 62
420 250.00 3220.00 321 20
421 10.00 2137.00 321 99
422 1452.00 534.00 321 7
423 167.00 1434.00 321 20
424 1029.00 942.00 321 91
425 2057.00 285.00 321 12
426 23.00 968.00 321 76
427 1370.00 2817.00 321 13
428 484.00 2552.00 321 75
429 1163.00 2929.00 321 67
430 347.00 3687.00 321 23
431 475.00 1743.00 321 94
432 1651.00 3568.00 321 54
433 2203.00 1557.00 321 17
434 88.00 1445.00 321 17
435 154.00 3241.00 321 24
436 366.00 604.00 321 17
437 1941.00 285.00 321 7
438 1564.00 331.00 321 25
439 2558.00 1214.00 321 96
440 1615.00 765.00 321 6
441 1540.00 767.00 321 13
442 1487.00 3800.00 321 24
443 271.00 3318.00 321 18
444 2068.00 1142.00 321 92
445 88.00 2604.00 321 32
446 1854.00 2201.00 321 5
447 1298.00 574.00 321 45
448 2550.00 1677.00 321 55
449 128.00 1290.00 321 27
450 1486.00 3596.00 321 8
451 1731.00 251.00 321 32
452 1989.00 733.00 321 23
453 2261.00 1296.00 321 34
454 2539.00 1195.00 321 29
455 1159.00 3242.00 321 14
456 1669.00 2356.00 321 40
457 1351.00 2410.00 321 26
458 1911.00 3201.00 321 2
459 2623.00 3945.00 321 10
460 2628.00 1435.00 321 64
461 2761.00 3369.00 321 67
462 92.00 2420.00 321 42
463 1845.00 826.00 321 39
464 544.00 1038.00 321 64
465 54.00 574.00 321 88
466 1540.00 610.00 321 7
467 2068.00 1259.00 321 90
468 928.00 2081.00 321 61
469 520.00 2709.00 321 75
470 2027.00 2393.00 321 32
471 14.00 1521.00 321 78
472 4.00 602.00 321 49
473 1153.00 387.00 321 72
474 1788.00 2120.00 321 1
475 525.00 166.00 321 56
476 88.00 2911.00 321 52
477 1315.00 1152.00 321 41
478 1272.00 2737.00 321 99
479 90.00 2177.00 321 26
480 680.00 84.00 321 75
481 152.00 3744.00 321 23
482 1159.00 2315.00 321 61
483 1135.00 280.00 321 84
484 752.00 1520.00 321 8
485 1482.00 302.00 321 49
486 457.00 122.00 321 67
487 1699.00 3183.00 321 48
488 1142.00 529.00 321 62
489 2107.00 2661.00 321 57
490 415.00 479.00 321 65
491 2106.00 2819.00 321 51
492 1794.00 3802.00 321 63
493 242.00 3377.00 321 35
494 89.00 1097.00 321 58
495 2628.00 1715.00 321 59
496 598.00 2161.00 321 34
497 1428.00 2391.00 321 70
498 1911.00 2528.00 321 15
499 599.00 2004.00 321 79
500 2543.00 847.00 321 29
501 1797.00 2857.00 321 48
502 2448.00 2624.00 321 4
503 596.00 2122.00 321 30
504 387.00 781.00 321 19
505 1053.00 1325.00 321 98
506 1852.00 2431.00 321 48
507 1239.00 1250.00 321 40
508 186.00 203.00 321 94
509 2267.00 615.00 321 12
510 2108.00 3123.00 321 83
511 2494.00 2982.00 321 45
512 2542.00 657.00 321 57
513 2204.00 2273.00 321 13
514 2543.00 691.00 321 74
515 638.00 1455.00 321 99
516 341.00 282.00 321 14
517 2831.00 1158.00 321 43
518 2028.00 1318.00 321 10
519 2801.00 1507.00 321 47
520 48.00 2408.00 321 48
521 947.00 2659.00 321 36
522 203.00 2602.00 321 28
523 87.00 2489.00 321 41
524 1312.00 3586.00 321 55
525 642.00 688.00 321 52
526 2266.00 730.00 321 67
527 1313.00 2156.00 321 66
528 2305.00 188.00 321 9
529 2465.00 1471.00 321 39
530 595.00 2900.00 321 38
531 2493.00 2786.00 321 9
532 729.00 130.00 321 49
533 1930.00 3049.00 321 22
534 1567.00 1171.00 321 54
535 2657.00 248.00 321 95
536 2732.00 3467.00 321 57
537 828.00 1065.00 321 69
538 2222.00 2990.00 321 32
539 1854.00 1523.00 321 98
540 938.00 3441.00 321 13
541 2350.00 652.00 321 49
542 2830.00 347.00 321 43
543 842.00 631.00 321 53
544 946.00 3321.00 321 65
545 2549.00 2393.00 321 85
546 2205.00 2602.00 321 88
547 674.00 1908.00 321 72
548 427.00 884.00 321 12
549 1087.00 613.00 321 85
550 734.00 3723.00 321 56
551 475.00 1706.00 321 45
552 385.00 1230.00 321 88
553 1990.00 3125.00 321 89
554 635.00 2787.00 321 60
555 2567.00 3428.00 321 26
556 2377.00 2099.00 321 77
557 1660.00 1559.00 321 89
558 2148.00 728.00 321 30
559 635.00 2748.00 321 66
560 1109.00 3068.00 321 22
561 205.00 1063.00 321 100
562 272.00 3161.00 321 94
563 1022.00 1522.00 321 87
564 2059.00 651.00 321 96
565 2321.00 1832.00 321 44
566 1911.00 2858.00 321 20
567 165.00 2721.00 321 68
568 2800.00 2411.00 321 22
569 558.00 3685.00 321 5
570 524.00 283.00 321 9
571 1781.00 128.00 321 66
572 945.00 1870.00 321 41
573 946.00 2777.00 321 78
574 1140.00 1814.00 321 51
575 2195.00 1378.00 321 89
576 822.00 1356.00 321 66
577 1046.00 246.00 321 54
578 1183.00 863.00 321 94
579 342.00 243.00 321 58
580 2763.00 1330.00 321 37
581 174.00 3184.00 321 56
582 406.00 3743.00 321 9
583 2752.00 3198.00 321 95
584 464.00 3434.00 321 4
585 131.00 1560.00 321 65
586 417.00 284.00 321 85
587 1443.00 88.00 321 80
588 867.00 3019.00 321 8
589 279.00 2236.00 321 100
590 2302.00 223.00 321 60
591 2617.00 847.00 321 79
592 112.00 3739.00 321 68
593 1669.00 2274.00 321 24
594 1158.00 3088.00 321 33
595 1439.00 3046.00 321 100
596 47.00 1712.00 321 34
597 845.00 826.00 321 23
598 2263.00 1104.00 321 59
599 1395.00 1192.00 321 94
600 844.00 206.00 321 18
601 1884.00 90.00 321 87
602 2179.00 243.00 321 93
603 2493.00 3210.00 321 25
604 168.00 1391.00 321 3
605 1749.00 1018.00 321 60
606 2552.00 1600.00 321 86
607 476.00 1084.00 321 100
608 1357.00 1368.00 321 85
609 2144.00 1677.00 321 96
610 263.00 3453.00 321 6
611 1920.00 1563.00 321 84
612 476.00 1912.00 321 65
613 2059.00 615.00 321 98
614 1699.00 2778.00 321 4
615 2378.00 1714.00 321 61
616 1294.00 3421.00 321 54
617 2319.00 2430.00 321 64
618 1606.00 1548.00 321 100
619 666.00 3472.00 321 49
620 2146.00 2393.00 321 24
621 1788.00 2355.00 321 20
622 1159.00 2700.00 321 58
623 1206.00 2489.00 321 94
624 186.00 164.00 321 13
625 2106.00 3416.00 321 28
626 16.00 1441.00 321 2
627 2800.00 1292.00 321 17
628 1866.00 1055.00 321 57
629 1730.00 1986.00 321 70
630 2544.00 288.00 321 13
631 526.00 323.00 321 20
632 2647.00 2711.00 321 73
633 2660.00 500.00 321 83
634 1053.00 1284.00 321 100
635 2540.00 1079.00 321 36
636 523.00 1256.00 321 55
637 1604.00 2272.00 321 43
638 428.00 768.00 321 8
639 281.00 1584.00 321 96
640 2265.00 1339.00 321 87
641 1911.00 3570.00 321 88
642 282.00 2717.00 321 17
643 1736.00 2719.00 321 42
644 1853.00 1641.00 321 44
645 732.00 3202.00 321 6
646 1494.00 2552.00 321 47
647 164.00 2274.00 321 81
648 677.00 3320.00 321 13
649 2029.00 1599.00 321 40
650 368.00 2039.00 321 19
651 558.00 3317.00 321 27
652 639.00 2673.00 321 36
653 475.00 979.00 321 87
654 247.00 382.00 321 38
655 1848.00 249.00 321 20
656 1586.00 3878.00 321 7
657 1789.00 2368.00 321 38
658 727.00 244.00 321 32
659 1548.00 1832.00 321 7
660 735.00 2780.00 321 67
661 484.00 185.00 321 9
662 1944.00 130.00 321 65
663 429.00 804.00 321 43
664 675.00 1521.00 321 70
665 270.00 3784.00 321 76
666 1570.00 1092.00 321 68
667 344.00 3087.00 321 78
668 368.00 2001.00 321 20
669 204.00 2759.00 321 61
670 2128.00 807.00 321 34
671 2188.00 642.00 321 16
672 932.00 163.00 321 25
673 2473.00 1373.00 321 69
674 167.00 1820.00 321 27
675 1061.00 2850.00 321 83
676 2606.00 3290.00 321 26
677 2467.00 242.00 321 13
678 658.00 2123.00 321 82
679 998.00 1066.00 321 91
680 676.00 1821.00 321 33
681 454.00 202.00 321 80
682 272.00 3587.00 321 9
683 1912.00 2664.00 321 100
684 996.00 1393.00 321 56
685 852.00 3757.00 321 71
686 2350.00 727.00 321 88
687 1884.00 2451.00 321 77
688 2058.00 981.00 321 44
689 1678.00 3280.00 321 67
690 212.00 745.00 321 37
691 773.00 2180.00 321 78
692 1440.00 167.00 321 82
693 2144.00 2200.00 321 2
694 1060.00 1522.00 321 45
695 344.00 3839.00 321 92
696 273.00 571.00 321 62
697 2467.00 208.00 321 39
698 120.00 882.00 321 12
699 559.00 3800.00 321 19
700 843.00 864.00 321 86
701 2495.00 3368.00 321 87
702 824.00 1976.00 321 65
703 1273.00 3164.00 321 86
704 167.00 1239.00 321 98
705 35.00 3622.00 321 12
706 90.00 2298.00 321 63
707 675.00 3684.00 321 66
708 523.00 245.00 321 100
709 2027.00 2317.00 321 77
710 2548.00 1524.00 321 42
711 734.00 3320.00 321 9
712 2801.00 2376.00 321 40
713 1837.00 438.00 321 21
714 2723.00 943.00 321 81
715 1487.00 3528.00 321 93
716 1333.00 885.00 321 58
717 1176.00 3028.00 321 2
718 107.00 3256.00 321 35
719 1055.00 1400.00 321 63
720 886.00 2003.00 321 58
721 680.00 2771.00 321 7
722 2105.00 3764.00 321 54
723 2804.00 1450.00 321 83
724 597.00 2317.00 321 33
725 119.00 728.00 321 51
726 523.00 1296.00 321 51
727 558.00 3240.00 321 50
728 2322.00 1872.00 321 3
729 2761.00 1369.00 321 24
730 324.00 3413.00 321 11
731 2029.00 1638.00 321 14
732 2761.00 2184.00 321 61
733 1954.00 972.00 321 15
734 1298.00 531.00 321 29
735 1335.00 844.00 321 51
736 2183.00 3122.00 321 70
737 281.00 1355.00 321 20
738 1451.00 1561.00 321 59
739 1044.00 206.00 321 92
740 2792.00 35.00 321 48
741 2454.00 3444.00 321 100
742 1787.00 2316.00 321 41
743 1064.00 3088.00 321 30
744 9.00 2448.00 321 17
745 2105.00 2933.00 321 84
746 823.00 961.00 321 81
747 11.00 1793.00 321 82
748 1456.00 1928.00 321 36
749 655.00 1966.00 321 27
750 1970.00 1643.00 321 97
751 1866.00 1099.00 321 27
752 2801.00 2262.00 321 79
753 1230.00 225.00 321 74
754 1239.00 1329.00 321 23
755 2204.00 2430.00 321 38
756 1429.00 2277.00 321 17
757 1854.00 652.00 321 7
758 1417.00 128.00 321 81
759 2549.00 2180.00 321 18
760 1668.00 2083.00 321 4
761 311.00 685.00 321 96
762 1410.00 1627.00 321 48
763 427.00 728.00 321 79
764 2799.00 1409.00 321 22
765 2642.00 3195.00 321 56
766 1430.00 2238.00 321 13
767 734.00 2932.00 321 88
768 550.00 691.00 321 84
769 367.00 2079.00 321 38
770 463.00 3395.00 321 15
771 2491.00 2176.00 321 18
772 2426.00 1358.00 321 39
773 2148.00 1300.00 321 34
774 560.00 1685.00 321 100
775 2474.00 1953.00 321 77
776 1265.00 2560.00 321 3
777 945.00 3359.00 321 70
778 947.00 3683.00 321 70
779 2421.00 383.00 321 8
780 1361.00 1626.00 321 54
781 281.00 1704.00 321 53
782 734.00 2851.00 321 4
783 2379.00 2586.00 321 60
784 890.00 848.00 321 17
785 748.00 3550.00 321 98
786 434.00 1587.00 321 19
787 636.00 2631.00 321 17
788 521.00 2823.00 321 85
789 1852.00 1834.00 321 82
790 358.00 1841.00 321 56
791 461.00 3685.00 321 26
792 1679.00 1484.00 321 76
793 1912.00 3124.00 321 21
794 165.00 2197.00 321 81
795 2542.00 536.00 321 6
796 2543.00 497.00 321 50
797 2762.00 2676.00 321 68
798 1652.00 614.00 321 87
799 926.00 2391.00 321 37
800 2303.00 709.00 321 43
801 1584.00 3686.00 321 71
802 1605.00 2199.00 321 42
803 2204.00 2239.00 321 49
804 732.00 3237.00 321 2
805 63.00 360.00 321 33
806 1970.00 2120.00 321 49
807 1710.00 655.00 321 12
808 826.00 3821.00 321 31
809 88.00 1676.00 321 20
810 904.00 3793.00 321 93
811 118.00 688.00 321 47
812 1988.00 2934.00 321 67
813 523.00 1183.00 321 22
814 1531.00 167.00 321 54
815 200.00 2392.00 321 70
816 2512.00 1436.00 321 2
817 475.00 1162.00 321 2
818 2206.00 1106.00 321 7
819 170.00 1131.00 321 55
820 2799.00 3427.00 321 53
821 1224.00 3184.00 321 85
822 998.00 1339.00 321 73
823 1971.00 1521.00 321 19
824 114.00 3585.00 321 65
825 37.00 3701.00 321 47
826 1055.00 1431.00 321 32
827 10.00 2411.00 321 37
828 113.00 3610.00 321 24
829 1468.00 2613.00 321 20
830 1855.00 576.00 321 22
831 1509.00 1206.00 321 76
832 1161.00 2509.00 321 55
833 2377.00 2981.00 321 55
834 367.00 2238.00 321 21
835 947.00 3570.00 321 52
836 943.00 3530.00 321 75
837 641.00 1415.00 321 41
838 1523.00 1524.00 321 15
839 2336.00 2663.00 321 74
840 2551.00 1798.00 321 94
841 2186.00 2136.00 321 58
842 1745.00 2568.00 321 19
843 2568.00 3274.00 321 23
844 1415.00 167.00 321 56
845 2212.00 2699.00 321 64
846 1886.00 697.00 321 3
847 270.00 3124.00 321 49
848 734.00 3087.00 321 58
849 484.00 2671.00 321 53
850 2167.00 3618.00 321 19
851 656.00 2509.00 321 56
852 890.00 2276.00 321 84
853 2791.00 345.00 321 100
854 1651.00 653.00 321 7
855 124.00 2834.00 321 63
856 -66.00 3134.00 321 33
857 655.00 2040.00 321 44
858 269.00 3197.00 321 62
859 1529.00 1291.00 321 33
860 865.00 1522.00 321 2
861 391.00 1086.00 321 97
862 830.00 1765.00 321 98
863 211.00 3514.00 321 11
864 135.00 3510.00 321 71
865 1198.00 2357.00 321 56
866 848.00 2775.00 321 6
867 1757.00 1647.00 321 11
868 464.00 3355.00 321 57
869 1172.00 1135.00 321 39
870 1671.00 3463.00 321 85
871 2772.00 2512.00 321 71
872 2148.00 1063.00 321 89
873 2191.00 66.00 321 56
874 726.00 287.00 321 28
875 1083.00 1384.00 321 52
876 1327.00 126.00 321 12
877 2167.00 921.00 321 54
878 1971.00 2082.00 321 38
879 462.00 3840.00 321 43
880 1787.00 2274.00 321 18
881 1795.00 3277.00 321 7
882 1097.00 3206.00 321 3
883 946.00 3803.00 321 41
884 2146.00 1377.00 321 70
885 1770.00 360.00 321 45
886 1092.00 764.00 321 58
887 640.00 3271.00 321 97
888 1533.00 647.00 321 37
889 318.00 2156.00 321 68
890 1584.00 3300.00 321 28
891 2645.00 2984.00 321 54
892 965.00 459.00 321 88
893 169.00 41.00 321 35
894 2415.00 1482.00 321 75
895 340.00 165.00 321 48
896 733.00 3607.00 321 49
897 435.00 1357.00 321 40
898 2568.00 3079.00 321 34
899 602.00 953.00 321 35
900 1669.00 2121.00 321 78
901 49.00 2334.00 321 73
902 283.00 1473.00 321 3
903 1287.00 243.00 321 9
904 1892.00 1636.00 321 80
905 2716.00 191.00 321 86
906 1588.00 3102.00 321 46
907 127.00 2796.00 321 54
908 1363.00 2662.00 321 79
909 1277.00 1193.00 321 47
910 1487.00 3279.00 321 72
911 89.00 2449.00 321 56
912 547.00 3010.00 321 67
913 1530.00 323.00 321 26
914 12.00 1134.00 321 79
915 463.00 2438.00 321 43
916 958.00 690.00 321 81
917 2494.00 249.00 321 1
918 33.00 360.00 321 11
919 388.00 3548.00 321 100
920 2800.00 2491.00 321 76
921 2762.00 1737.00 321 4
922 2831.00 231.00 321 34
923 1369.00 2894.00 321 71
924 1082.00 2758.00 321 34
925 2665.00 2220.00 321 27
926 929.00 2429.00 321 90
927 2058.00 209.00 321 35
928 2493.00 2748.00 321 1
929 205.00 987.00 321 73
930 1095.00 1424.00 321 71
931 320.00 1704.00 321 81
932 1409.00 2370.00 321 69
933 282.00 2640.00 321 42
934 1296.00 1319.00 321 59
935 164.00 2003.00 321 56
936 1528.00 283.00 321 99
937 2303.00 72.00 321 6
938 1134.00 204.00 321 42
939 2798.00 2102.00 321 27
940 1487.00 1871.00 321 8
941 1717.00 1291.00 321 27
942 94.00 1606.00 321 100
943 164.00 2392.00 321 57
944 2085.00 2141.00 321 52
945 928.00 2006.00 321 28
946 1371.00 3201.00 321 91
947 2378.00 3175.00 321 8
948 2462.00 168.00 321 34
949 2070.00 1031.00 321 52
950 1580.00 3722.00 321 53
951 1252.00 206.00 321 90
952 1698.00 3685.00 321 50
953 2338.00 1452.00 321 73
954 1171.00 1368.00 321 70
955 880.00 1178.00 321 72
956 1450.00 1366.00 321 29
957 2495.00 2665.00 321 92
958 1155.00 2661.00 321 95
959 1233.00 507.00 321 55
960 374.00 3609.00 321 78
961 1933.00 1642.00 321 70
962 37.00 3780.00 321 34
963 523.00 1454.00 321 8
964 1969.00 2433.00 321 78
965 128.00 1132.00 321 31
966 1797.00 2529.00 321 97
967 1429.00 2160.00 321 47
968 2495.00 1830.00 321 71
969 49.00 2681.00 321 46
970 843.00 166.00 321 12
971 1499.00 3493.00 321 58
972 596.00 2748.00 321 70
973 1796.00 1505.00 321 95
974 1797.00 3163.00 321 93
975 1757.00 2374.00 321 68
976 1159.00 3611.00 321 57
977 1048.00 805.00 321 2
978 1913.00 1787.00 321 7
979 2376.00 2501.00 321 61
980 1582.00 3373.00 321 28
981 2659.00 368.00 321 19
982 1073.00 2061.00 321 1
983 1870.00 3782.00 321 82
984 442.00 3919.00 321 68
985 1155.00 2472.00 321 88
986 869.00 1743.00 321 85
987 1624.00 3107.00 321 8
988 995.00 1145.00 321 63
989 1173.00 1093.00 321 47
990 318.00 2428.00 321 26
991 1238.00 1444.00 321 82
992 1160.00 2776.00 321 52
993 1911.00 3726.00 321 30
994 928.00 2048.00 321 73
995 1795.00 3726.00 321 31
996 64.00 453.00 321 99
997 658.00 2239.00 321 96
998 598.00 2863.00 321 11
999 734.00 2663.00 321 71
1000 1488.00 3763.00 321 25