300 55
0 1304.00 1814.00
1 167.00 1434.00 321 20
2 2241.00 2062.00 321 61
3 1279.00 990.00 321 1
4 164.00 2430.00 321 87
5 2458.00 392.00 321 78
6 596.00 2122.00 321 30
7 435.00 1281.00 321 21
8 2397.00 70.00 321 87
9 225.00 1026.00 321 22
10 1359.00 1214.00 321 14
11 2538.00 1987.00 321 100
12 2665.00 2550.00 321 64
13 996.00 1393.00 321 56
14 947.00 3725.00 321 57
15 943.00 3609.00 321 83
16 313.00 767.00 321 51
17 1912.00 2895.00 321 56
18 932.00 883.00 321 67
19 417.00 284.00 321 85
20 1452.00 880.00 321 16
21 1583.00 2933.00 321 63
22 1452.00 1252.00 321 84
23 1787.00 2085.00 321 20
24 523.00 1103.00 321 31
25 520.00 2593.00 321 4
26 346.00 3762.00 321 64
27 35.00 248.00 321 42
28 1253.00 91.00 321 32
29 1528.00 283.00 321 99
30 236.00 1541.00 321 44
31 462.00 3840.00 321 43
32 475.00 1316.00 321 29
33 2318.00 2165.00 321 83
34 811.00 1642.00 321 21
35 2148.00 1333.00 321 2
36 634.00 1596.00 321 21
37 597.00 2317.00 321 33
38 635.00 2748.00 321 66
39 2206.00 1106.00 321 7
40 4.00 554.00 321 46
41 2148.00 2240.00 321 3
42 1287.00 243.00 321 9
43 2761.00 2144.00 321 31
44 672.00 3609.00 321 60
45 1567.00 1131.00 321 81
46 526.00 323.00 321 20
47 808.00 3237.00 321 88
48 51.00 2796.00 321 84
49 2029.00 1680.00 321 82
50 1374.00 3358.00 321 1
51 1161.00 2815.00 321 83
52 2203.00 1521.00 321 44
53 1357.00 1068.00 321 9
54 1487.00 2932.00 321 18
55 1485.00 3201.00 321 93
56 2388.00 942.00 321 75
57 272.00 522.00 321 89
58 2166.00 3850.00 321 34
59 283.00 1473.00 321 3
60 281.00 1584.00 321 96
61 2531.00 2827.00 321 65
62 2763.00 3292.00 321 67
63 734.00 2851.00 321 4
64 322.00 1200.00 321 47
65 1369.00 2701.00 321 8
66 167.00 1100.00 321 22
67 1837.00 438.00 321 21
68 1072.00 2198.00 321 41
69 2550.00 1561.00 321 80
70 2380.00 1433.00 321 35
71 1108.00 2815.00 321 12
72 1087.00 613.00 321 85
73 1078.00 1154.00 321 61
74 2657.00 1159.00 321 90
75 321.00 2604.00 321 59
76 710.00 1301.00 321 97
77 2567.00 3157.00 321 87
78 283.00 2794.00 321 40
79 1720.00 1598.00 321 65
80 2349.00 1232.00 321 6
81 2454.00 2041.00 321 15
82 1158.00 3729.00 321 25
83 2797.00 3389.00 321 50
84 427.00 884.00 321 12
85 2761.00 540.00 321 67
86 1198.00 2238.00 321 44
87 165.00 1202.00 321 48
88 1097.00 1524.00 321 78
89 1488.00 1715.00 321 6
90 655.00 2469.00 321 23
91 2759.00 1098.00 321 54
92 126.00 1250.00 321 63
93 2798.00 2102.00 321 27
94 2310.00 1927.00 321 53
95 164.00 2523.00 321 75
96 11.00 2256.00 321 87
97 867.00 3522.00 321 72
98 1329.00 284.00 321 21
99 1699.00 2816.00 321 31
100 1969.00 2433.00 321 78
101 1604.00 2074.00 321 44
102 1319.00 48.00 321 77
103 1001.00 514.00 321 76
104 2800.00 1216.00 321 50
105 1990.00 3088.00 321 73
106 88.00 2604.00 321 32
107 2659.00 618.00 321 49
108 1923.00 2382.00 321 8
109 655.00 1966.00 321 27
110 50.00 2643.00 321 6
111 15.00 1678.00 321 57
112 474.00 1277.00 321 25
113 1944.00 130.00 321 65
114 826.00 440.00 321 84
115 1943.00 167.00 321 65
116 1195.00 2278.00 321 63
117 1853.00 2277.00 321 43
118 270.00 3820.00 321 49
119 640.00 3271.00 321 97
120 36.00 3856.00 321 67
121 1329.00 204.00 321 9
122 2475.00 1008.00 321 68
123 1745.00 2568.00 321 19
124 163.00 2837.00 321 50
125 559.00 390.00 321 76
126 2762.00 2676.00 321 68
127 1054.00 1363.00 321 26
128 1986.00 3766.00 321 84
129 1761.00 449.00 321 11
130 1796.00 1505.00 321 95
131 1819.00 214.00 321 18
132 2604.00 2905.00 321 43
133 1004.00 1636.00 321 92
134 1652.00 614.00 321 87
135 301.00 244.00 321 63
136 205.00 2699.00 321 56
137 281.00 2355.00 321 38
138 370.00 2351.00 321 100
139 2666.00 2328.00 321 37
140 636.00 3439.00 321 52
141 2761.00 2297.00 321 70
142 544.00 1038.00 321 64
143 77.00 3702.00 321 48
144 14.00 1328.00 321 58
145 1202.00 1000.00 321 100
146 641.00 285.00 321 71
147 186.00 203.00 321 94
148 89.00 1758.00 321 24
149 319.00 2394.00 321 88
150 2798.00 3312.00 321 7
151 2800.00 2414.00 321 91
152 1441.00 204.00 321 63
153 1566.00 1290.00 321 100
154 168.00 1281.00 321 88
155 2390.00 3550.00 321 93
156 1448.00 1524.00 321 10
157 51.00 2216.00 321 87
158 1425.00 2493.00 321 86
159 2800.00 2337.00 321 64
160 2800.00 3464.00 321 56
161 120.00 882.00 321 12
162 1094.00 900.00 321 73
163 598.00 2354.00 321 97
164 1795.00 3726.00 321 31
165 845.00 282.00 321 13
166 1136.00 86.00 321 92
167 2658.00 208.00 321 66
168 116.00 3819.00 321 37
169 2665.00 1601.00 321 59
170 675.00 1521.00 321 70
171 1757.00 1647.00 321 11
172 49.00 2334.00 321 73
173 1060.00 1522.00 321 45
174 1336.00 612.00 321 6
175 1529.00 86.00 321 89
176 1567.00 1405.00 321 72
177 -4.00 3873.00 321 23
178 2541.00 246.00 321 30
179 1132.00 162.00 321 19
180 454.00 202.00 321 80
181 312.00 465.00 321 69
182 1777.00 2471.00 321 4
183 131.00 1055.00 321 61
184 2150.00 129.00 321 80
185 2350.00 652.00 321 49
186 2579.00 1893.00 321 31
187 1059.00 3280.00 321 67
188 1144.00 573.00 321 3
189 2704.00 1437.00 321 61
190 511.00 3840.00 321 82
191 1697.00 3418.00 321 60
192 1156.00 2240.00 321 46
193 2320.00 2316.00 321 16
194 2321.00 1717.00 321 27
195 955.00 2023.00 321 73
196 558.00 3240.00 321 50
197 2788.00 2167.00 321 86
198 2494.00 2391.00 321 67
199 728.00 86.00 321 34
200 2762.00 1178.00 321 4
201 1265.00 2560.00 321 3
202 2146.00 1219.00 321 79
203 484.00 2313.00 321 54
204 927.00 2122.00 321 6
205 2149.00 323.00 321 2
206 1197.00 2317.00 321 85
207 2493.00 2506.00 321 60
208 904.00 3793.00 321 93
209 2798.00 3796.00 321 64
210 2263.00 1182.00 321 79
211 2761.00 1293.00 321 27
212 2290.00 2230.00 321 30
213 2188.00 642.00 321 16
214 1191.00 2576.00 321 92
215 1582.00 3373.00 321 28
216 2493.00 3326.00 321 67
217 675.00 3684.00 321 66
218 1051.00 1481.00 321 80
219 1159.00 2700.00 321 58
220 1272.00 2737.00 321 99
221 2761.00 1369.00 321 24
222 1969.00 1677.00 321 50
223 1950.00 1223.00 321 50
224 1668.00 2044.00 321 85
225 1846.00 91.00 321 9
226 964.00 2624.00 321 92
227 897.00 3859.00 321 28
228 477.00 1046.00 321 31
229 1740.00 692.00 321 28
230 1047.00 887.00 321 82
231 1391.00 1776.00 321 56
232 164.00 2392.00 321 57
233 750.00 1088.00 321 79
234 436.00 1320.00 321 58
235 1063.00 2701.00 321 32
236 1855.00 1600.00 321 76
237 341.00 282.00 321 14
238 2145.00 1558.00 321 35
239 824.00 1976.00 321 65
240 995.00 1145.00 321 63
241 734.00 2663.00 321 71
242 1863.00 981.00 321 79
243 234.00 724.00 321 8
244 319.00 2833.00 321 74
245 154.00 3162.00 321 3
246 462.00 3721.00 321 58
247 1990.00 576.00 321 100
248 50.00 2525.00 321 5
249 2657.00 1272.00 321 83
250 12.00 1249.00 321 50
251 2761.00 578.00 321 45
252 169.00 41.00 321 35
253 727.00 628.00 321 20
254 223.00 2021.00 321 79
255 113.00 3610.00 321 24
256 1531.00 167.00 321 54
257 271.00 3318.00 321 18
258 438.00 1160.00 321 57
259 1990.00 3125.00 321 89
260 2378.00 2663.00 321 79
261 396.00 3418.00 321 1
262 1972.00 2201.00 321 95
263 2095.00 2229.00 321 5
264 281.00 1198.00 321 24
265 278.00 2115.00 321 27
266 2186.00 2814.00 321 67
267 708.00 1067.00 321 76
268 1741.00 575.00 321 21
269 845.00 826.00 321 23
270 88.00 1445.00 321 17
271 1451.00 652.00 321 8
272 1357.00 1368.00 321 85
273 453.00 162.00 321 7
274 2571.00 325.00 321 43
275 843.00 322.00 321 71
276 1631.00 3607.00 321 60
277 1384.00 806.00 321 27
278 2800.00 1331.00 321 83
279 925.00 765.00 321 52
280 89.00 1017.00 321 25
281 1409.00 2370.00 321 69
282 1850.00 327.00 321 68
283 2321.00 1832.00 321 44
284 558.00 3685.00 321 5
285 1650.00 856.00 321 38
286 561.00 3724.00 321 20
287 1795.00 3840.00 321 48
288 639.00 2595.00 321 57
289 2150.00 691.00 321 56
290 1061.00 3682.00 321 94
291 880.00 1178.00 321 72
292 2183.00 3122.00 321 70
293 201.00 2237.00 321 30
294 2831.00 269.00 321 17
295 557.00 3089.00 321 25
296 2261.00 1065.00 321 63
297 928.00 2006.00 321 28
298 2606.00 3368.00 321 18
299 2070.00 1031.00 321 52
300 1239.00 1174.00 321 1