600 105
0 1311.00 1938.00
1 273.00 3356.00 321 8
2 -61.00 801.00 321 56
3 1852.00 2431.00 321 48
4 1271.00 3357.00 321 47
5 1537.00 809.00 321 25
6 1654.00 730.00 321 78
7 2029.00 2123.00 321 35
8 1786.00 2200.00 321 10
9 2096.00 71.00 321 70
10 483.00 2707.00 321 33
11 1912.00 2664.00 321 100
12 2665.00 1935.00 321 80
13 211.00 3514.00 321 11
14 674.00 1908.00 321 72
15 2028.00 1719.00 321 35
16 1063.00 2816.00 321 58
17 1749.00 1098.00 321 39
18 595.00 2943.00 321 72
19 657.00 2390.00 321 88
20 1950.00 1068.00 321 7
21 945.00 2856.00 321 73
22 463.00 3395.00 321 15
23 349.00 3358.00 321 2
24 53.00 1057.00 321 58
25 90.00 2373.00 321 78
26 1942.00 209.00 321 84
27 2761.00 1446.00 321 60
28 1448.00 1873.00 321 87
29 271.00 3916.00 321 29
30 2804.00 1450.00 321 83
31 126.00 2720.00 321 59
32 1548.00 366.00 321 4
33 302.00 285.00 321 94
34 2761.00 3332.00 321 51
35 1332.00 3792.00 321 60
36 2661.00 701.00 321 84
37 655.00 1966.00 321 27
38 598.00 2707.00 321 3
39 320.00 1550.00 321 20
40 1574.00 1596.00 321 6
41 1717.00 3020.00 321 33
42 473.00 3011.00 321 98
43 157.00 3861.00 321 69
44 300.00 163.00 321 78
45 596.00 2122.00 321 30
46 307.00 3501.00 321 76
47 2305.00 188.00 321 9
48 991.00 165.00 321 55
49 365.00 2582.00 321 81
50 131.00 1055.00 321 61
51 2107.00 1327.00 321 56
52 1970.00 2120.00 321 49
53 1748.00 1175.00 321 40
54 391.00 1086.00 321 97
55 1337.00 733.00 321 58
56 2390.00 3550.00 321 93
57 1370.00 2782.00 321 20
58 396.00 976.00 321 50
59 1633.00 3901.00 321 46
60 2760.00 1506.00 321 99
61 1367.00 3882.00 321 6
62 1485.00 1521.00 321 53
63 1384.00 806.00 321 27
64 50.00 2643.00 321 6
65 2206.00 1830.00 321 94
66 2264.00 167.00 321 44
67 33.00 360.00 321 11
68 558.00 3201.00 321 33
69 1705.00 3918.00 321 71
70 2225.00 515.00 321 48
71 2212.00 2699.00 321 64
72 1942.00 572.00 321 63
73 341.00 282.00 321 14
74 2568.00 3119.00 321 97
75 475.00 1743.00 321 94
76 1990.00 576.00 321 100
77 1063.00 3607.00 321 94
78 639.00 2673.00 321 36
79 1405.00 211.00 321 21
80 2105.00 3764.00 321 54
81 946.00 2740.00 321 31
82 204.00 2953.00 321 17
83 2762.00 1853.00 321 68
84 2830.00 384.00 321 45
85 2149.00 323.00 321 2
86 1259.00 727.00 321 49
87 1060.00 3880.00 321 43
88 1797.00 3203.00 321 32
89 2378.00 2624.00 321 80
90 1530.00 245.00 321 66
91 2763.00 2222.00 321 38
92 16.00 2962.00 321 62
93 1951.00 896.00 321 30
94 1225.00 83.00 321 23
95 2791.00 191.00 321 62
96 656.00 2198.00 321 34
97 595.00 2900.00 321 38
98 186.00 322.00 321 65
99 1583.00 2933.00 321 63
100 981.00 2279.00 321 67
101 780.00 3572.00 321 90
102 271.00 3318.00 321 18
103 560.00 1646.00 321 76
104 49.00 2334.00 321 73
105 1174.00 1179.00 321 79
106 484.00 2313.00 321 54
107 186.00 285.00 321 37
108 88.00 2911.00 321 52
109 707.00 1146.00 321 33
110 1170.00 1408.00 321 64
111 2667.00 2432.00 321 38
112 2268.00 282.00 321 73
113 1949.00 3811.00 321 90
114 2800.00 2491.00 321 76
115 1971.00 1560.00 321 84
116 928.00 2006.00 321 28
117 1441.00 204.00 321 63
118 1157.00 3880.00 321 99
119 50.00 2294.00 321 92
120 2194.00 1921.00 321 55
121 37.00 3547.00 321 29
122 1369.00 2857.00 321 78
123 1239.00 1329.00 321 23
124 1663.00 1171.00 321 55
125 2667.00 2394.00 321 92
126 2199.00 2273.00 321 65
127 1368.00 3612.00 321 66
128 1631.00 1473.00 321 41
129 129.00 1094.00 321 74
130 1232.00 395.00 321 18
131 829.00 1522.00 321 67
132 1988.00 2857.00 321 97
133 869.00 1743.00 321 85
134 2616.00 1137.00 321 11
135 437.00 1744.00 321 8
136 1845.00 826.00 321 39
137 1700.00 3109.00 321 48
138 1047.00 887.00 321 82
139 2059.00 772.00 321 40
140 1488.00 2429.00 321 28
141 1750.00 1250.00 321 78
142 396.00 3418.00 321 1
143 2379.00 2059.00 321 39
144 1971.00 1717.00 321 39
145 2762.00 591.00 321 2
146 1855.00 1678.00 321 72
147 2336.00 2663.00 321 74
148 620.00 3223.00 321 88
149 2473.00 1373.00 321 69
150 50.00 1328.00 321 3
151 2438.00 875.00 321 3
152 87.00 2679.00 321 11
153 88.00 2604.00 321 32
154 2146.00 1870.00 321 56
155 1272.00 2893.00 321 65
156 1102.00 1171.00 321 44
157 611.00 474.00 321 58
158 1142.00 529.00 321 62
159 2542.00 615.00 321 13
160 324.00 3413.00 321 11
161 2698.00 39.00 321 5
162 320.00 1704.00 321 81
163 882.00 1263.00 321 57
164 385.00 1230.00 321 88
165 2865.00 3515.00 321 23
166 168.00 1391.00 321 3
167 2065.00 2026.00 321 59
168 11.00 2292.00 321 33
169 1238.00 1364.00 321 67
170 1736.00 2963.00 321 89
171 734.00 2851.00 321 4
172 2448.00 2624.00 321 4
173 947.00 2815.00 321 16
174 1709.00 2429.00 321 23
175 1272.00 3567.00 321 38
176 823.00 961.00 321 81
177 452.00 3565.00 321 68
178 1492.00 2393.00 321 77
179 1409.00 1871.00 321 26
180 1297.00 611.00 321 81
181 1170.00 1251.00 321 69
182 1584.00 3842.00 321 59
183 1085.00 928.00 321 17
184 90.00 2298.00 321 63
185 283.00 1822.00 321 80
186 38.00 3941.00 321 65
187 1866.00 1215.00 321 68
188 998.00 1104.00 321 54
189 1848.00 211.00 321 90
190 1375.00 1231.00 321 88
191 2548.00 2431.00 321 4
192 1584.00 3223.00 321 44
193 1847.00 904.00 321 42
194 374.00 3609.00 321 78
195 2658.00 1082.00 321 40
196 1832.00 3298.00 321 83
197 1118.00 3794.00 321 23
198 1272.00 2737.00 321 99
199 455.00 1299.00 321 62
200 882.00 1143.00 321 61
201 784.00 30.00 321 19
202 1248.00 2241.00 321 13
203 1475.00 1984.00 321 40
204 1517.00 2196.00 321 13
205 2494.00 1559.00 321 10
206 878.00 1506.00 321 39
207 2377.00 3328.00 321 77
208 1586.00 2894.00 321 65
209 2028.00 1833.00 321 71
210 89.00 1097.00 321 58
211 387.00 2554.00 321 99
212 186.00 164.00 321 13
213 2378.00 1597.00 321 77
214 1234.00 2963.00 321 23
215 1291.00 2527.00 321 48
216 2548.00 2064.00 321 84
217 2377.00 2099.00 321 77
218 53.00 1600.00 321 83
219 342.00 359.00 321 5
220 397.00 524.00 321 99
221 23.00 968.00 321 76
222 511.00 3840.00 321 82
223 1080.00 1693.00 321 32
224 153.00 3397.00 321 28
225 436.00 1435.00 321 25
226 280.00 2392.00 321 95
227 2299.00 3239.00 321 72
228 521.00 2823.00 321 85
229 1854.00 652.00 321 7
230 2549.00 2180.00 321 18
231 2495.00 2623.00 321 74
232 1292.00 1524.00 321 56
233 1698.00 3685.00 321 50
234 224.00 484.00 321 21
235 746.00 958.00 321 1
236 1911.00 2858.00 321 20
237 1159.00 2854.00 321 60
238 1027.00 998.00 321 59
239 523.00 1296.00 321 51
240 1584.00 2777.00 321 8
241 1315.00 1152.00 321 41
242 1194.00 2740.00 321 80
243 938.00 3441.00 321 13
244 1950.00 1223.00 321 50
245 1430.00 2122.00 321 76
246 2761.00 1698.00 321 17
247 50.00 1288.00 321 24
248 475.00 1431.00 321 4
249 1943.00 729.00 321 28
250 1717.00 1869.00 321 86
251 48.00 2408.00 321 48
252 299.00 941.00 321 8
253 204.00 2316.00 321 75
254 2299.00 2700.00 321 10
255 733.00 3125.00 321 16
256 733.00 3687.00 321 68
257 1547.00 3703.00 321 24
258 51.00 2216.00 321 87
259 2493.00 2255.00 321 29
260 1863.00 981.00 321 79
261 125.00 2258.00 321 79
262 2173.00 1462.00 321 98
263 2465.00 1471.00 321 39
264 1468.00 2613.00 321 20
265 2571.00 325.00 321 43
266 2143.00 2161.00 321 70
267 2720.00 3100.00 321 50
268 9.00 2718.00 321 92
269 1174.00 942.00 321 53
270 1640.00 1525.00 321 33
271 187.00 1260.00 321 38
272 202.00 2353.00 321 54
273 1729.00 2913.00 321 46
274 2149.00 1031.00 321 91
275 1412.00 1054.00 321 79
276 2265.00 87.00 321 14
277 747.00 1358.00 321 78
278 1490.00 3316.00 321 25
279 926.00 2317.00 321 28
280 675.00 3279.00 321 1
281 2191.00 66.00 321 56
282 2801.00 538.00 321 85
283 928.00 2048.00 321 73
284 1357.00 1251.00 321 53
285 2721.00 3147.00 321 18
286 2799.00 2143.00 321 73
287 1058.00 1210.00 321 98
288 806.00 107.00 321 72
289 128.00 2760.00 321 24
290 2246.00 486.00 321 11
291 1789.00 2368.00 321 38
292 2029.00 2275.00 321 9
293 654.00 571.00 321 100
294 1795.00 3088.00 321 63
295 1391.00 1776.00 321 56
296 437.00 1862.00 321 41
297 1369.00 3287.00 321 87
298 599.00 1009.00 321 62
299 1526.00 1870.00 321 96
300 1856.00 734.00 321 44
301 494.00 2458.00 321 25
302 869.00 2633.00 321 72
303 2184.00 3163.00 321 9
304 2642.00 3195.00 321 56
305 1788.00 2160.00 321 97
306 1298.00 574.00 321 45
307 2300.00 3324.00 321 25
308 127.00 2528.00 321 11
309 1988.00 3203.00 321 38
310 270.00 3706.00 321 93
311 2759.00 1098.00 321 54
312 1429.00 2160.00 321 47
313 1093.00 1452.00 321 9
314 2424.00 3426.00 321 92
315 1795.00 3686.00 321 22
316 1487.00 3528.00 321 93
317 2656.00 1118.00 321 32
318 155.00 3627.00 321 96
319 129.00 2914.00 321 97
320 2376.00 1637.00 321 83
321 2148.00 848.00 321 71
322 2308.00 1966.00 321 83
323 946.00 3883.00 321 77
324 520.00 2593.00 321 4
325 844.00 206.00 321 18
326 463.00 3644.00 321 36
327 66.00 3215.00 321 45
328 1158.00 2118.00 321 17
329 1795.00 3840.00 321 48
330 165.00 1202.00 321 48
331 1622.00 1820.00 321 7
332 2658.00 733.00 321 75
333 1488.00 3570.00 321 53
334 1135.00 247.00 321 29
335 2665.00 1836.00 321 31
336 156.00 3791.00 321 69
337 89.00 2757.00 321 7
338 2732.00 2491.00 321 45
339 2761.00 3369.00 321 67
340 2111.00 466.00 321 93
341 2656.00 1200.00 321 44
342 2351.00 534.00 321 46
343 120.00 805.00 321 71
344 490.00 3277.00 321 40
345 34.00 362.00 321 22
346 2028.00 2239.00 321 43
347 114.00 3585.00 321 65
348 2095.00 2229.00 321 5
349 1482.00 302.00 321 49
350 1451.00 765.00 321 3
351 106.00 972.00 321 15
352 2831.00 231.00 321 34
353 405.00 3906.00 321 95
354 1224.00 3184.00 321 85
355 2550.00 1874.00 321 23
356 2792.00 384.00 321 42
357 773.00 1307.00 321 85
358 996.00 1261.00 321 99
359 2762.00 694.00 321 13
360 483.00 2939.00 321 56
361 281.00 1550.00 321 54
362 236.00 885.00 321 84
363 597.00 3533.00 321 9
364 928.00 3742.00 321 55
365 676.00 3877.00 321 77
366 2666.00 2178.00 321 96
367 2761.00 2372.00 321 85
368 435.00 1552.00 321 91
369 2009.00 2576.00 321 100
370 16.00 1441.00 321 2
371 1777.00 2471.00 321 4
372 268.00 3665.00 321 11
373 1143.00 650.00 321 16
374 520.00 2899.00 321 37
375 2298.00 3165.00 321 69
376 2800.00 3083.00 321 65
377 1736.00 537.00 321 96
378 855.00 706.00 321 43
379 2322.00 1755.00 321 7
380 2704.00 1437.00 321 61
381 113.00 3610.00 321 24
382 370.00 725.00 321 86
383 1795.00 3129.00 321 18
384 1372.00 3087.00 321 41
385 1697.00 3418.00 321 60
386 1846.00 91.00 321 9
387 2060.00 574.00 321 62
388 882.00 1102.00 321 88
389 125.00 2219.00 321 35
390 754.00 1258.00 321 17
391 1488.00 2855.00 321 24
392 33.00 167.00 321 9
393 610.00 503.00 321 40
394 895.00 3834.00 321 49
395 1409.00 2370.00 321 69
396 87.00 2489.00 321 41
397 318.00 2428.00 321 26
398 1855.00 2356.00 321 83
399 927.00 2276.00 321 90
400 1604.00 2272.00 321 43
401 2145.00 1183.00 321 76
402 1258.00 610.00 321 96
403 821.00 1298.00 321 32
404 1354.00 1288.00 321 71
405 1640.00 1658.00 321 69
406 1941.00 1427.00 321 96
407 346.00 3604.00 321 87
408 426.00 2198.00 321 55
409 1741.00 575.00 321 21
410 2697.00 116.00 321 70
411 457.00 122.00 321 67
412 436.00 1087.00 321 30
413 155.00 3822.00 321 18
414 476.00 1121.00 321 11
415 726.00 117.00 321 56
416 946.00 3803.00 321 41
417 1855.00 2394.00 321 61
418 1060.00 2894.00 321 27
419 305.00 325.00 321 18
420 76.00 3624.00 321 56
421 931.00 205.00 321 99
422 2762.00 1138.00 321 48
423 1643.00 167.00 321 31
424 520.00 2709.00 321 75
425 348.00 2503.00 321 68
426 1606.00 1548.00 321 100
427 1486.00 3596.00 321 8
428 1024.00 1869.00 321 51
429 1258.00 864.00 321 64
430 2542.00 808.00 321 9
431 2643.00 1484.00 321 47
432 242.00 3377.00 321 35
433 2206.00 1181.00 321 51
434 2144.00 651.00 321 82
435 640.00 766.00 321 53
436 1059.00 3842.00 321 74
437 368.00 2001.00 321 20
438 1452.00 1252.00 321 84
439 2550.00 2141.00 321 51
440 1856.00 1756.00 321 15
441 641.00 805.00 321 18
442 2761.00 2144.00 321 31
443 1795.00 3726.00 321 31
444 1287.00 243.00 321 9
445 732.00 321.00 321 84
446 105.00 3295.00 321 88
447 2187.00 2932.00 321 52
448 366.00 604.00 321 17
449 2376.00 2501.00 321 61
450 164.00 2799.00 321 31
451 1450.00 1132.00 321 88
452 713.00 1520.00 321 7
453 1584.00 3258.00 321 21
454 2606.00 3368.00 321 18
455 107.00 3256.00 321 35
456 601.00 575.00 321 71
457 2763.00 1330.00 321 37
458 311.00 685.00 321 96
459 640.00 842.00 321 42
460 1428.00 2314.00 321 24
461 1059.00 3280.00 321 67
462 2146.00 1520.00 321 45
463 2658.00 208.00 321 66
464 830.00 1765.00 321 98
465 522.00 951.00 321 86
466 9.00 2524.00 321 60
467 602.00 953.00 321 35
468 2105.00 2933.00 321 84
469 13.00 1173.00 321 97
470 793.00 2081.00 321 90
471 843.00 166.00 321 12
472 2267.00 243.00 321 21
473 417.00 284.00 321 85
474 2548.00 2627.00 321 37
475 1523.00 1524.00 321 15
476 2656.00 1042.00 321 2
477 464.00 3163.00 321 31
478 2302.00 223.00 321 60
479 1583.00 2660.00 321 82
480 11.00 1055.00 321 79
481 657.00 2274.00 321 77
482 2105.00 3201.00 321 14
483 384.00 3512.00 321 47
484 1352.00 2311.00 321 47
485 2760.00 2105.00 321 38
486 522.00 2631.00 321 2
487 2761.00 1293.00 321 27
488 945.00 3203.00 321 20
489 1157.00 3843.00 321 73
490 1159.00 2315.00 321 61
491 155.00 3665.00 321 12
492 1451.00 1561.00 321 59
493 1586.00 2815.00 321 9
494 2491.00 2902.00 321 37
495 282.00 1900.00 321 53
496 281.00 1704.00 321 53
497 1215.00 1523.00 321 69
498 2204.00 2239.00 321 49
499 2222.00 3222.00 321 19
500 1680.00 2515.00 321 29
501 2009.00 1032.00 321 74
502 462.00 3801.00 321 17
503 2319.00 2430.00 321 64
504 1430.00 2238.00 321 13
505 33.00 126.00 321 84
506 1759.00 1687.00 321 97
507 128.00 1522.00 321 49
508 2350.00 1075.00 321 66
509 598.00 2592.00 321 76
510 2494.00 3095.00 321 45
511 2181.00 3242.00 321 55
512 2350.00 652.00 321 49
513 948.00 1909.00 321 38
514 165.00 1360.00 321 10
515 1047.00 534.00 321 59
516 2549.00 2218.00 321 27
517 1055.00 1431.00 321 32
518 2761.00 1775.00 321 26
519 848.00 3727.00 321 54
520 2029.00 1561.00 321 63
521 2542.00 536.00 321 6
522 2830.00 77.00 321 76
523 1950.00 1111.00 321 83
524 155.00 3123.00 321 19
525 1809.00 182.00 321 61
526 111.00 168.00 321 43
527 1175.00 1522.00 321 75
528 149.00 166.00 321 74
529 390.00 410.00 321 28
530 1158.00 3201.00 321 6
531 1451.00 612.00 321 22
532 1452.00 844.00 321 56
533 1061.00 3568.00 321 71
534 1336.00 768.00 321 9
535 1488.00 3357.00 321 27
536 435.00 1281.00 321 21
537 1453.00 572.00 321 39
538 1450.00 1366.00 321 29
539 1848.00 132.00 321 24
540 2146.00 2434.00 321 26
541 2184.00 3277.00 321 16
542 1731.00 288.00 321 29
543 1853.00 1641.00 321 44
544 2183.00 3122.00 321 70
545 2798.00 3350.00 321 27
546 2148.00 2240.00 321 3
547 2028.00 1795.00 321 35
548 641.00 285.00 321 71
549 750.00 1088.00 321 79
550 10.00 1561.00 321 89
551 1448.00 1524.00 321 10
552 904.00 264.00 321 86
553 1062.00 3730.00 321 16
554 1047.00 125.00 321 50
555 2800.00 1856.00 321 51
556 2106.00 3087.00 321 14
557 1987.00 3803.00 321 99
558 1331.00 3871.00 321 80
559 1531.00 167.00 321 54
560 318.00 2156.00 321 68
561 642.00 323.00 321 80
562 1136.00 322.00 321 72
563 2379.00 2749.00 321 80
564 1196.00 2392.00 321 24
565 2069.00 1069.00 321 53
566 2515.00 3013.00 321 69
567 319.00 2394.00 321 88
568 36.00 3856.00 321 67
569 958.00 690.00 321 81
570 640.00 648.00 321 5
571 9.00 2448.00 321 17
572 910.00 2588.00 321 99
573 113.00 3624.00 321 60
574 1530.00 323.00 321 26
575 37.00 3701.00 321 47
576 1362.00 2602.00 321 47
577 998.00 1066.00 321 91
578 2185.00 2738.00 321 30
579 1669.00 2274.00 321 24
580 475.00 979.00 321 87
581 2377.00 2388.00 321 55
582 214.00 951.00 321 84
583 1970.00 2355.00 321 39
584 463.00 3085.00 321 88
585 2541.00 771.00 321 30
586 1866.00 1251.00 321 54
587 1051.00 88.00 321 47
588 1159.00 2738.00 321 68
589 1570.00 1092.00 321 68
590 2492.00 2825.00 321 80
591 924.00 2508.00 321 68
592 1941.00 771.00 321 100
593 1543.00 3742.00 321 83
594 1668.00 2044.00 321 85
595 1449.00 1093.00 321 72
596 559.00 3604.00 321 11
597 319.00 2118.00 321 80
598 168.00 1858.00 321 24
599 2378.00 3175.00 321 8
600 436.00 1320.00 321 58