600 103
0 1334.00 1943.00
1 1854.00 2645.00 321 93
2 484.00 2863.00 321 48
3 164.00 2954.00 321 27
4 2115.00 2584.00 321 52
5 1699.00 1744.00 321 98
6 2009.00 2622.00 321 81
7 204.00 2953.00 321 17
8 2800.00 3464.00 321 56
9 654.00 2430.00 321 18
10 609.00 3940.00 321 57
11 2415.00 1482.00 321 75
12 524.00 1143.00 321 75
13 1452.00 880.00 321 16
14 947.00 2659.00 321 36
15 642.00 208.00 321 19
16 91.00 2343.00 321 37
17 1528.00 283.00 321 99
18 1058.00 1210.00 321 98
19 2762.00 770.00 321 76
20 10.00 2801.00 321 81
21 1710.00 655.00 321 12
22 282.00 1274.00 321 82
23 1757.00 2374.00 321 68
24 387.00 2554.00 321 99
25 324.00 3413.00 321 11
26 1542.00 891.00 321 29
27 167.00 1315.00 321 84
28 367.00 1268.00 321 41
29 2148.00 728.00 321 30
30 2799.00 3427.00 321 53
31 2076.00 1813.00 321 93
32 2327.00 3416.00 321 1
33 557.00 1521.00 321 51
34 283.00 1122.00 321 78
35 1059.00 3763.00 321 3
36 1970.00 1754.00 321 48
37 1352.00 2311.00 321 47
38 349.00 3358.00 321 2
39 204.00 2759.00 321 61
40 803.00 1085.00 321 58
41 11.00 2563.00 321 95
42 1053.00 1325.00 321 98
43 1046.00 322.00 321 40
44 2492.00 2825.00 321 80
45 2421.00 383.00 321 8
46 946.00 3321.00 321 65
47 1158.00 3201.00 321 6
48 11.00 2256.00 321 87
49 1493.00 3124.00 321 13
50 2801.00 1581.00 321 15
51 1356.00 1130.00 321 74
52 1409.00 1871.00 321 26
53 848.00 2891.00 321 75
54 1003.00 3426.00 321 9
55 2570.00 1004.00 321 42
56 1798.00 2742.00 321 69
57 50.00 2603.00 321 85
58 1368.00 3612.00 321 66
59 1239.00 1288.00 321 84
60 947.00 3683.00 321 70
61 2645.00 2866.00 321 50
62 2800.00 2337.00 321 64
63 534.00 473.00 321 79
64 882.00 1102.00 321 88
65 1910.00 3686.00 321 75
66 2417.00 130.00 321 52
67 599.00 2196.00 321 37
68 1988.00 3646.00 321 33
69 225.00 1026.00 321 22
70 2801.00 1254.00 321 77
71 456.00 361.00 321 58
72 233.00 50.00 321 49
73 1448.00 3124.00 321 50
74 51.00 2216.00 321 87
75 636.00 2631.00 321 17
76 1108.00 2815.00 321 12
77 2233.00 728.00 321 93
78 2485.00 36.00 321 32
79 1359.00 1214.00 321 14
80 1871.00 2526.00 321 13
81 597.00 3533.00 321 9
82 318.00 2428.00 321 26
83 947.00 3725.00 321 57
84 1259.00 648.00 321 80
85 1380.00 2004.00 321 99
86 2205.00 2197.00 321 92
87 428.00 768.00 321 8
88 2494.00 3095.00 321 45
89 2468.00 1310.00 321 34
90 1036.00 456.00 321 33
91 2606.00 3290.00 321 26
92 2495.00 3059.00 321 77
93 1417.00 128.00 321 81
94 933.00 321.00 321 45
95 1941.00 246.00 321 79
96 1337.00 733.00 321 58
97 2229.00 406.00 321 72
98 1564.00 1871.00 321 26
99 2018.00 1930.00 321 51
100 1271.00 3357.00 321 47
101 233.00 802.00 321 83
102 1585.00 3146.00 321 92
103 527.00 884.00 321 52
104 1002.00 1482.00 321 10
105 2111.00 428.00 321 15
106 155.00 3822.00 321 18
107 87.00 1131.00 321 92
108 639.00 1145.00 321 51
109 11.00 2292.00 321 33
110 2667.00 2432.00 321 38
111 2059.00 651.00 321 96
112 2660.00 500.00 321 83
113 1787.00 2085.00 321 20
114 1272.00 2961.00 321 43
115 475.00 1473.00 321 13
116 654.00 571.00 321 100
117 262.00 991.00 321 28
118 1583.00 3801.00 321 46
119 405.00 3906.00 321 95
120 1604.00 2355.00 321 8
121 1238.00 1210.00 321 89
122 2800.00 2414.00 321 91
123 2541.00 212.00 321 48
124 1643.00 167.00 321 31
125 2702.00 1003.00 321 27
126 2548.00 2025.00 321 7
127 426.00 2198.00 321 55
128 1059.00 3280.00 321 67
129 1374.00 3358.00 321 1
130 600.00 2239.00 321 26
131 674.00 1868.00 321 33
132 475.00 1199.00 321 28
133 2279.00 3184.00 321 47
134 1645.00 91.00 321 66
135 2686.00 2868.00 321 87
136 523.00 805.00 321 84
137 869.00 1743.00 321 85
138 216.00 1181.00 321 46
139 252.00 3529.00 321 79
140 464.00 3355.00 321 57
141 896.00 1027.00 321 72
142 716.00 1842.00 321 23
143 1061.00 3682.00 321 94
144 1942.00 90.00 321 53
145 1156.00 2278.00 321 26
146 2299.00 3239.00 321 72
147 2147.00 1831.00 321 3
148 1454.00 687.00 321 39
149 2286.00 885.00 321 51
150 475.00 1743.00 321 94
151 2724.00 1029.00 321 12
152 1144.00 1009.00 321 16
153 320.00 1704.00 321 81
154 127.00 2180.00 321 79
155 367.00 2118.00 321 95
156 560.00 3839.00 321 67
157 1457.00 2775.00 321 92
158 2148.00 1063.00 321 89
159 887.00 2468.00 321 63
160 31.00 364.00 321 17
161 1846.00 168.00 321 10
162 87.00 2258.00 321 5
163 478.00 1665.00 321 71
164 1669.00 2317.00 321 74
165 2549.00 2218.00 321 27
166 681.00 164.00 321 57
167 2240.00 1558.00 321 56
168 1989.00 3165.00 321 60
169 2696.00 540.00 321 46
170 2185.00 3319.00 321 50
171 1605.00 2199.00 321 42
172 1912.00 1409.00 321 11
173 2701.00 3621.00 321 14
174 2348.00 125.00 321 57
175 1989.00 3357.00 321 35
176 689.00 890.00 321 93
177 2203.00 2158.00 321 100
178 1298.00 531.00 321 29
179 203.00 2197.00 321 71
180 674.00 3086.00 321 52
181 2067.00 1365.00 321 81
182 1234.00 2963.00 321 23
183 281.00 2355.00 321 38
184 1294.00 3421.00 321 54
185 1053.00 1284.00 321 100
186 2666.00 1755.00 321 40
187 1185.00 592.00 321 50
188 2694.00 2221.00 321 54
189 1854.00 1523.00 321 98
190 1157.00 2892.00 321 16
191 675.00 3279.00 321 1
192 2175.00 3029.00 321 90
193 1567.00 1171.00 321 54
194 435.00 2373.00 321 91
195 436.00 1320.00 321 58
196 2205.00 2314.00 321 65
197 733.00 3687.00 321 68
198 1739.00 1773.00 321 70
199 941.00 3088.00 321 54
200 1910.00 2932.00 321 83
201 2106.00 3643.00 321 42
202 680.00 2771.00 321 7
203 674.00 3169.00 321 18
204 366.00 604.00 321 17
205 1971.00 1560.00 321 84
206 2801.00 1507.00 321 47
207 1005.00 2681.00 321 3
208 282.00 2042.00 321 97
209 2105.00 2894.00 321 91
210 2204.00 1868.00 321 1
211 1989.00 2818.00 321 31
212 340.00 204.00 321 96
213 2149.00 165.00 321 59
214 1681.00 213.00 321 31
215 2704.00 1583.00 321 65
216 734.00 3723.00 321 56
217 436.00 2437.00 321 1
218 2263.00 1104.00 321 59
219 15.00 1714.00 321 33
220 2375.00 3288.00 321 2
221 1174.00 942.00 321 53
222 2761.00 1621.00 321 22
223 2641.00 411.00 321 97
224 890.00 848.00 321 17
225 521.00 2941.00 321 6
226 2800.00 1098.00 321 84
227 2800.00 654.00 321 68
228 1717.00 1484.00 321 90
229 1567.00 1131.00 321 81
230 482.00 2824.00 321 84
231 657.00 2274.00 321 77
232 2379.00 2254.00 321 88
233 1086.00 533.00 321 89
234 1174.00 1179.00 321 79
235 559.00 390.00 321 76
236 843.00 361.00 321 81
237 2454.00 2041.00 321 15
238 2149.00 573.00 321 25
239 2199.00 2273.00 321 65
240 1563.00 1524.00 321 35
241 2623.00 3945.00 321 10
242 596.00 1871.00 321 67
243 2028.00 2202.00 321 96
244 1856.00 770.00 321 61
245 204.00 2836.00 321 50
246 1697.00 3418.00 321 60
247 2720.00 3100.00 321 50
248 559.00 3279.00 321 54
249 474.00 1277.00 321 25
250 1788.00 2120.00 321 1
251 1911.00 2738.00 321 31
252 556.00 3164.00 321 29
253 1336.00 612.00 321 6
254 462.00 3316.00 321 38
255 2205.00 2602.00 321 88
256 444.00 3036.00 321 48
257 167.00 1239.00 321 98
258 1678.00 3280.00 321 67
259 927.00 1618.00 321 17
260 2103.00 3318.00 321 53
261 1160.00 3126.00 321 34
262 1855.00 1678.00 321 72
263 1631.00 3607.00 321 60
264 930.00 85.00 321 33
265 368.00 2275.00 321 74
266 158.00 670.00 321 90
267 991.00 165.00 321 55
268 1604.00 2118.00 321 98
269 1586.00 3341.00 321 33
270 119.00 842.00 321 23
271 462.00 3840.00 321 43
272 1526.00 1870.00 321 96
273 112.00 3663.00 321 98
274 944.00 2932.00 321 74
275 1174.00 996.00 321 96
276 1171.00 1055.00 321 80
277 50.00 2489.00 321 68
278 1487.00 3279.00 321 72
279 638.00 1256.00 321 52
280 2036.00 3318.00 321 54
281 855.00 706.00 321 43
282 235.00 843.00 321 63
283 1970.00 2239.00 321 32
284 2665.00 1728.00 321 96
285 638.00 728.00 321 61
286 494.00 504.00 321 65
287 1105.00 805.00 321 66
288 1273.00 2664.00 321 55
289 2297.00 2776.00 321 99
290 2068.00 1223.00 321 89
291 1273.00 2852.00 321 83
292 2723.00 943.00 321 81
293 598.00 2161.00 321 34
294 1795.00 3840.00 321 48
295 638.00 1105.00 321 98
296 1706.00 2082.00 321 59
297 1370.00 2782.00 321 20
298 746.00 958.00 321 1
299 2147.00 611.00 321 42
300 550.00 691.00 321 84
301 2665.00 1601.00 321 59
302 2458.00 392.00 321 78
303 910.00 3440.00 321 39
304 2492.00 3286.00 321 61
305 1604.00 2272.00 321 43
306 734.00 2663.00 321 71
307 346.00 3317.00 321 24
308 49.00 1795.00 321 20
309 823.00 1222.00 321 36
310 636.00 2944.00 321 29
311 1260.00 571.00 321 68
312 2647.00 1991.00 321 78
313 2300.00 2660.00 321 30
314 2134.00 1951.00 321 47
315 2377.00 2388.00 321 55
316 368.00 2313.00 321 25
317 1233.00 507.00 321 55
318 1761.00 449.00 321 11
319 1653.00 692.00 321 16
320 2144.00 651.00 321 82
321 38.00 3941.00 321 65
322 1989.00 3685.00 321 41
323 241.00 1433.00 321 7
324 825.00 1261.00 321 96
325 322.00 1200.00 321 47
326 166.00 2567.00 321 75
327 1142.00 610.00 321 15
328 2492.00 1753.00 321 16
329 2106.00 3841.00 321 36
330 2548.00 1524.00 321 42
331 341.00 282.00 321 14
332 1206.00 2489.00 321 94
333 2349.00 208.00 321 22
334 463.00 3200.00 321 58
335 828.00 1065.00 321 69
336 1367.00 3801.00 321 81
337 824.00 1104.00 321 46
338 1230.00 225.00 321 74
339 760.00 3319.00 321 11
340 1155.00 3166.00 321 44
341 449.00 1050.00 321 66
342 2209.00 2813.00 321 27
343 390.00 410.00 321 28
344 1097.00 3206.00 321 3
345 50.00 2717.00 321 78
346 1556.00 2078.00 321 38
347 2376.00 1637.00 321 83
348 2377.00 1870.00 321 17
349 1095.00 1424.00 321 71
350 1332.00 1523.00 321 26
351 1613.00 3420.00 321 86
352 50.00 2757.00 321 11
353 1583.00 2660.00 321 82
354 1287.00 243.00 321 9
355 2182.00 3081.00 321 57
356 928.00 2048.00 321 73
357 1062.00 3203.00 321 1
358 928.00 2006.00 321 28
359 1049.00 572.00 321 75
360 1580.00 3722.00 321 53
361 89.00 1097.00 321 58
362 204.00 2316.00 321 75
363 1533.00 1492.00 321 58
364 1155.00 2661.00 321 95
365 282.00 1900.00 321 53
366 2474.00 1953.00 321 77
367 1250.00 245.00 321 75
368 154.00 3162.00 321 3
369 2617.00 1525.00 321 79
370 280.00 2195.00 321 45
371 1584.00 3764.00 321 34
372 2146.00 2278.00 321 100
373 1292.00 324.00 321 46
374 1866.00 1055.00 321 57
375 2036.00 3841.00 321 69
376 928.00 1667.00 321 36
377 2438.00 875.00 321 3
378 2107.00 2740.00 321 39
379 2540.00 1311.00 321 99
380 2659.00 171.00 321 18
381 1272.00 2893.00 321 65
382 2798.00 3563.00 321 51
383 1794.00 3571.00 321 98
384 114.00 3600.00 321 76
385 1758.00 2317.00 321 7
386 2761.00 1775.00 321 26
387 842.00 631.00 321 53
388 1332.00 3792.00 321 60
389 1486.00 3596.00 321 8
390 1598.00 1995.00 321 88
391 1601.00 3205.00 321 73
392 2264.00 1143.00 321 66
393 1157.00 3530.00 321 12
394 641.00 805.00 321 18
395 1584.00 3223.00 321 44
396 2550.00 1640.00 321 30
397 925.00 2241.00 321 47
398 1158.00 3320.00 321 14
399 1158.00 3729.00 321 25
400 321.00 2680.00 321 69
401 50.00 1673.00 321 59
402 13.00 1482.00 321 77
403 1972.00 2201.00 321 95
404 2029.00 2162.00 321 38
405 2300.00 2964.00 321 43
406 581.00 79.00 321 68
407 1857.00 540.00 321 34
408 735.00 2701.00 321 80
409 13.00 1368.00 321 29
410 598.00 2707.00 321 3
411 1850.00 327.00 321 68
412 49.00 2564.00 321 79
413 526.00 1415.00 321 6
414 675.00 3684.00 321 66
415 473.00 3011.00 321 98
416 2800.00 1292.00 321 17
417 1046.00 730.00 321 72
418 2015.00 3881.00 321 50
419 1866.00 1251.00 321 54
420 435.00 1281.00 321 21
421 597.00 1521.00 321 85
422 2475.00 1008.00 321 68
423 1970.00 2355.00 321 39
424 2568.00 3274.00 321 23
425 1698.00 3379.00 321 47
426 2543.00 131.00 321 19
427 1748.00 1213.00 321 75
428 2266.00 464.00 321 35
429 2350.00 614.00 321 16
430 2541.00 771.00 321 30
431 1853.00 1641.00 321 44
432 2105.00 3723.00 321 39
433 2666.00 1794.00 321 37
434 164.00 2120.00 321 61
435 2145.00 1753.00 321 17
436 640.00 361.00 321 11
437 2377.00 3212.00 321 33
438 128.00 2489.00 321 63
439 2548.00 2627.00 321 37
440 523.00 1454.00 321 8
441 166.00 2911.00 321 3
442 462.00 3801.00 321 17
443 1395.00 1192.00 321 94
444 271.00 3318.00 321 18
445 1699.00 3260.00 321 80
446 1989.00 3317.00 321 32
447 1795.00 2892.00 321 58
448 212.00 110.00 321 51
449 2549.00 2180.00 321 18
450 2665.00 2254.00 321 1
451 339.00 124.00 321 11
452 1680.00 2515.00 321 29
453 2191.00 66.00 321 56
454 1425.00 2493.00 321 86
455 1796.00 3243.00 321 16
456 997.00 1298.00 321 74
457 463.00 3085.00 321 88
458 729.00 166.00 321 34
459 164.00 2233.00 321 62
460 1412.00 1054.00 321 79
461 1253.00 1873.00 321 100
462 128.00 1213.00 321 16
463 377.00 1192.00 321 39
464 1402.00 574.00 321 14
465 11.00 1753.00 321 44
466 1615.00 765.00 321 6
467 752.00 1611.00 321 14
468 344.00 3839.00 321 92
469 849.00 3087.00 321 44
470 2467.00 242.00 321 13
471 1158.00 2118.00 321 17
472 2465.00 1232.00 321 63
473 847.00 2736.00 321 46
474 1970.00 2469.00 321 95
475 154.00 3241.00 321 24
476 2800.00 2067.00 321 18
477 2660.00 285.00 321 62
478 52.00 493.00 321 56
479 520.00 2709.00 321 75
480 1274.00 3841.00 321 54
481 634.00 1522.00 321 1
482 2792.00 35.00 321 48
483 1622.00 1820.00 321 7
484 437.00 1703.00 321 98
485 2397.00 70.00 321 87
486 2658.00 577.00 321 13
487 1949.00 3647.00 321 28
488 1786.00 2238.00 321 4
489 2319.00 2080.00 321 47
490 1198.00 2238.00 321 44
491 367.00 2079.00 321 38
492 90.00 1292.00 321 60
493 843.00 322.00 321 71
494 415.00 2292.00 321 70
495 1372.00 3128.00 321 61
496 1796.00 1505.00 321 95
497 -61.00 801.00 321 56
498 2550.00 1874.00 321 23
499 2107.00 2661.00 321 57
500 154.00 3707.00 321 46
501 1411.00 1693.00 321 44
502 2551.00 1756.00 321 83
503 1468.00 2613.00 321 20
504 1452.00 805.00 321 4
505 2167.00 2537.00 321 24
506 2148.00 848.00 321 71
507 865.00 1522.00 321 2
508 173.00 3143.00 321 98
509 2550.00 2591.00 321 98
510 1384.00 806.00 321 27
511 676.00 1821.00 321 33
512 578.00 3144.00 321 69
513 2495.00 2468.00 321 26
514 90.00 324.00 321 60
515 49.00 1251.00 321 96
516 1178.00 1813.00 321 77
517 2658.00 733.00 321 75
518 127.00 2528.00 321 11
519 1031.00 3009.00 321 29
520 733.00 3125.00 321 16
521 1452.00 492.00 321 77
522 1855.00 2236.00 321 77
523 2493.00 2255.00 321 29
524 982.00 1521.00 321 14
525 186.00 203.00 321 94
526 270.00 3706.00 321 93
527 1158.00 2081.00 321 99
528 2320.00 1557.00 321 34
529 1452.00 1252.00 321 84
530 2424.00 3426.00 321 92
531 1156.00 2240.00 321 46
532 347.00 3687.00 321 23
533 843.00 245.00 321 94
534 2298.00 3084.00 321 22
535 1258.00 610.00 321 96
536 1795.00 3088.00 321 63
537 1789.00 73.00 321 54
538 1239.00 1329.00 321 23
539 302.00 203.00 321 58
540 607.00 3341.00 321 58
541 2656.00 1042.00 321 2
542 10.00 2484.00 321 81
543 1697.00 3568.00 321 88
544 1538.00 534.00 321 9
545 680.00 84.00 321 75
546 1176.00 3028.00 321 2
547 2761.00 3332.00 321 51
548 509.00 3879.00 321 93
549 2760.00 2338.00 321 86
550 2592.00 521.00 321 25
551 281.00 2278.00 321 63
552 2761.00 3369.00 321 67
553 1172.00 1292.00 321 24
554 89.00 2643.00 321 66
555 2380.00 1433.00 321 35
556 1409.00 2886.00 321 39
557 2484.00 1212.00 321 60
558 521.00 841.00 321 68
559 1239.00 1250.00 321 40
560 821.00 1298.00 321 32
561 464.00 3278.00 321 15
562 2265.00 1339.00 321 87
563 1146.00 690.00 321 28
564 655.00 1966.00 321 27
565 270.00 3784.00 321 76
566 2539.00 1231.00 321 92
567 1733.00 127.00 321 45
568 1141.00 768.00 321 89
569 943.00 3530.00 321 75
570 1584.00 3842.00 321 59
571 1158.00 3356.00 321 76
572 12.00 1134.00 321 79
573 1102.00 1171.00 321 44
574 1670.00 2237.00 321 83
575 1971.00 1600.00 321 59
576 194.00 3917.00 321 40
577 754.00 1258.00 321 17
578 1529.00 86.00 321 89
579 924.00 2508.00 321 68
580 33.00 360.00 321 11
581 1622.00 3648.00 321 97
582 1796.00 3647.00 321 45
583 2378.00 2425.00 321 76
584 656.00 2160.00 321 16
585 165.00 1626.00 321 35
586 49.00 2874.00 321 39
587 2494.00 1559.00 321 10
588 826.00 440.00 321 84
589 2148.00 2240.00 321 3
590 2698.00 39.00 321 5
591 2494.00 2218.00 321 33
592 1920.00 1563.00 321 84
593 599.00 1009.00 321 62
594 2228.00 76.00 321 57
595 803.00 2142.00 321 34
596 316.00 649.00 321 81
597 773.00 1307.00 321 85
598 1353.00 1326.00 321 78
599 524.00 122.00 321 83
600 1083.00 1384.00 321 52